687.068420
686.912962
686.446851
685.670871
684.586325
683.195036
681.499335
679.502061
677.206548
674.616620
671.736577
668.571186
665.125665
661.405673
657.417288
653.166999
648.661679
643.908574
638.915280
633.689724
628.240141
622.575055
616.703253
610.633767
604.375844
597.938929
591.332637
584.566727
577.651082
570.595682
563.410578
556.105871
548.691684
541.178142
533.575344
525.893341
518.142117
510.331560
502.471447
494.571418
486.640957
478.689375
470.725788
462.759102
454.797994
446.850899
438.925991
431.031174
423.174067
415.361992
407.601967
399.900691
392.264543
384.699569
377.211481
369.805650
362.487104
355.260524
348.130247
341.100261
334.174209
327.355394
320.646777
314.050985
307.570315
301.206741
294.961922
288.837207
282.833648
276.952006
271.192764
265.556134
260.042075
254.650298
249.380282
244.231288
239.202369
234.292385
229.500018
224.823784
220.262047
215.813032
211.474845
207.245477
203.122826
199.104707
195.188865
191.372990
187.654729
184.031697
180.501489
177.061694
173.709904
170.443724
167.260782
164.158741
161.135304
158.188224
155.315311
152.514439
149.783550
147.120664
144.523880
141.991381
139.521435
137.112404
134.762739
132.470986
130.235784
128.055867
125.930061
123.857286
121.836552
119.866959
117.947691
116.078015
114.257278
112.484902
110.760377
109.083262
107.453176
105.869790
104.332830
102.842062
101.397292
99.998357
98.645119
97.337462
96.075282
94.858483
93.686968
92.560639
91.479385
90.443078
89.451570
88.504686
87.602216
86.743916
85.929500
85.158637
84.430944
83.745988
83.103278
82.502268
81.942347
81.422843
80.943019
80.502073
80.099138
79.733279
79.403493
79.108716
78.847815
78.619595
78.422798
78.256109
78.118153
78.007500
77.922672
77.862138
77.824326
77.807622
77.810376
77.830905
77.867500
77.918428
77.981938
78.056267
78.139644
78.230295
78.326448
78.426341
78.528223
78.630361
78.731046
78.828599
78.921373
79.007759
79.086190
79.155149
79.213170
79.258840
79.290811
79.307794
79.308570
79.291988
79.256970
79.202516
79.127703
79.031685
78.913701
78.773072
78.609204
78.421585
78.209791
77.973483
77.712406
77.426391
77.115351
76.779285
76.418270
76.032464
75.622105
75.187504
74.729044
74.247183
73.742444
73.215412
72.666739
72.097131
71.507348
70.898204
70.270555
69.625304
68.963390
68.285788
67.593503
66.887566
66.169031
65.438969
64.698465
63.948614
63.190515
62.425272
61.653982
60.877739
60.097627
59.314714
58.530053
57.744676
56.959592
56.175784
55.394203
54.615771
53.841374
53.071862
52.308047
51.550700
50.800548
50.058278
49.324529
48.599896
47.884928
47.180124
46.485938
45.802776
45.130995
44.470906
43.822773
43.186811
42.563192
41.952041
41.353442
40.767432
40.194011
39.633138
39.084731
38.548675
38.024820
37.512981
37.012944
36.524467
36.047278
35.581084
35.125568
34.680393
34.245205
33.819633
33.403294
32.995792
32.596724
32.205679
31.822241
31.445992
31.076512
30.713384
30.356194
30.004531
29.657992
29.316183
28.978718
28.645224
28.315338
27.988714
27.665019
27.343936
27.025165
26.708425
26.393451
26.079999
25.767843
25.456777
25.146616
24.837195
24.528368
24.220011
23.912019
23.604307
23.296811
22.989483
22.682296
