687.068053
686.912595
686.446484
685.670503
684.585956
683.194666
681.498964
679.501688
677.206173
674.616243
671.736198
668.570804
665.125281
661.405285
657.416898
653.166604
648.661281
643.908172
638.914874
633.689314
628.239727
622.574637
616.702831
610.633340
604.375412
597.938493
591.332195
584.566281
577.650631
570.595225
563.410117
556.105404
548.691213
541.177666
533.574862
525.892855
518.141625
510.331064
502.470946
494.570912
486.640446
478.688860
470.725268
462.758578
454.797466
446.850366
438.925454
431.030633
423.173522
415.361444
407.601415
399.900136
392.263985
384.699008
377.210918
369.805085
362.486536
355.259955
348.129675
341.099687
334.173634
327.354818
320.646200
314.050407
307.569736
301.206162
294.961342
288.836627
282.833068
276.951427
271.192185
265.555556
260.041497
254.649721
249.379706
244.230714
239.201796
234.291814
229.499449
224.823216
220.261481
215.812469
211.474283
207.244917
203.122269
199.104152
195.188313
191.372441
187.654182
184.031152
180.500947
177.061155
173.709367
170.443190
167.260251
164.158213
161.134779
158.187701
155.314791
152.513921
149.783035
147.120152
144.523370
141.990873
139.520930
137.111901
134.762239
132.470488
130.235288
128.055372
125.929568
123.856795
121.836063
119.866471
117.947205
116.077530
114.256795
112.484419
110.759896
109.082782
107.452696
105.869312
104.332353
102.841585
101.396815
99.997880
98.644643
97.336987
96.074807
94.858007
93.686493
92.560164
91.478909
90.442602
89.451094
88.504209
87.601739
86.743439
85.929022
85.158158
84.430464
83.745508
83.102798
82.501787
81.941865
81.422360
80.942536
80.501590
80.098654
79.732793
79.403008
79.108230
78.847328
78.619107
78.422310
78.255621
78.117664
78.007011
77.922182
77.861648
77.823836
77.807132
77.809885
77.830415
77.867010
77.917938
77.981448
78.055778
78.139155
78.229807
78.325961
78.425855
78.527737
78.629876
78.730563
78.828117
78.920892
79.007279
79.085712
79.154673
79.212695
79.258367
79.290340
79.307325
79.308103
79.291523
79.256508
79.202057
79.127246
79.031230
78.913250
78.772624
78.608758
78.421143
78.209352
77.973047
77.711973
77.425961
77.114925
76.778863
76.417851
76.032050
75.621695
75.187097
74.728642
74.246785
73.742049
73.215022
72.666353
72.096749
71.506971
70.897831
70.270187
69.624940
68.963031
68.285433
67.593153
66.887221
66.168690
65.438633
64.698133
63.948287
63.190193
62.424954
61.653669
60.877431
60.097324
59.314415
58.529759
57.744387
56.959308
56.175504
55.393928
54.615500
53.841108
53.071601
52.307791
51.550448
50.800301
50.058035
49.324291
48.599663
47.884698
47.179899
46.485717
45.802559
45.130783
44.470699
43.822569
43.186612
42.562997
41.951850
41.353254
40.767249
40.193832
39.632962
39.084559
38.548507
38.024655
37.512820
37.012787
36.524313
36.047127
35.580937
35.125424
34.680252
34.245068
33.819499
33.403163
32.995664
32.596599
32.205557
31.822122
31.445875
31.076398
30.713273
30.356085
30.004425
29.657889
29.316082
28.978619
28.645127
28.315244
27.988622
27.664929
27.343848
27.025080
26.708341
26.393369
26.079919
25.767765
25.456701
25.146541
24.837122
24.528297
24.219941
23.911951
23.604241
23.296745
22.989419
22.682234
