0.000000
0.000000
0.000000
0.000000
0.000000
0.000000
0.000000
0.000000
0.000000
0.000000
0.000000
0.000000
0.000000
0.000000
0.000000
0.005000
0.010000
0.015000
0.020000
0.025000
0.030000
0.035000
0.040000
0.045000
0.050000
0.055000
0.060000
0.065000
0.000000
0.010000
0.020000
0.030000
0.040000
0.050000
0.060000
0.070000
0.080000
0.090000
0.100000
0.110000
0.120000
0.130000
0.000000
0.015000
0.030000
0.045000
0.060000
0.075000
0.090000
0.105000
0.120000
0.135000
0.150000
0.165000
0.180000
0.195000
0.000000
0.020000
0.040000
0.060000
0.080000
0.100000
0.120000
0.140000
0.160000
0.180000
0.200000
0.220000
0.240000
0.260000
0.000000
0.025000
0.050000
0.075000
0.100000
0.125000
0.150000
0.175000
0.200000
0.225000
0.250000
0.275000
0.300000
0.325000
0.000000
0.030000
0.060000
0.090000
0.120000
0.150000
0.180000
0.210000
0.240000
0.270000
0.300000
0.330000
0.360000
0.390000
0.000000
0.035000
0.070000
0.105000
0.140000
0.175000
0.210000
0.245000
0.280000
0.315000
0.350000
0.385000
0.420000
0.455000
0.000000
0.040000
0.080000
0.120000
0.160000
0.200000
0.240000
0.280000
0.320000
0.360000
0.400000
0.440000
0.480000
0.520000
0.000000
0.045000
0.090000
0.135000
0.180000
0.225000
0.270000
0.315000
0.360000
0.405000
0.450000
0.495000
0.540000
0.585000
0.000000
0.050000
0.100000
0.150000
0.200000
0.250000
0.300000
0.350000
0.400000
0.450000
0.500000
0.550000
0.600000
0.650000
0.000000
0.055000
0.110000
0.165000
0.220000
0.275000
0.330000
0.385000
0.440000
0.495000
0.550000
0.605000
0.660000
0.715000
0.000000
0.060000
0.120000
0.180000
0.240000
0.300000
0.360000
0.420000
0.480000
0.540000
0.600000
0.660000
0.720000
0.780000
0.000000
0.065000
0.130000
0.195000
0.260000
0.325000
0.390000
0.455000
0.520000
0.585000
0.650000
0.715000
0.780000
0.845000
0.000000
0.070000
0.140000
0.210000
0.280000
0.350000
0.420000
0.490000
0.560000
0.630000
0.700000
0.770000
0.840000
0.910000
0.000000
0.075000
0.150000
0.225000
0.300000
0.375000
0.450000
0.525000
0.600000
0.675000
0.750000
0.825000
0.900000
0.975000
0.000000
0.080000
0.160000
0.240000
0.320000
0.400000
0.480000
0.560000
0.640000
0.720000
0.800000
0.880000
0.960000
1.040000
0.000000
0.085000
0.170000
0.255000
0.340000
0.425000
0.510000
0.595000
0.680000
0.765000
0.850000
0.935000
1.020000
1.105000
0.000000
0.090000
0.180000
0.270000
0.360000
0.450000
0.540000
0.630000
0.720000
0.810000
0.900000
0.990000
1.080000
1.170000
0.000000
0.095000
0.190000
0.285000
0.380000
0.475000
0.570000
0.665000
0.760000
0.855000
0.950000
1.045000
1.140000
1.235000
0.000000
0.100000
0.200000
0.300000
0.400000
0.500000
0.600000
0.700000
0.800000
0.900000
1.000000
1.100000
1.200000
1.300000
0.000000
0.105000
0.210000
0.315000
0.420000
0.525000
0.630000
0.735000
0.840000
0.945000
1.050000
1.155000
1.260000
1.365000
0.000000
0.110000
0.220000
0.330000
0.440000
0.550000
0.660000
0.770000
0.880000
0.990000
1.100000
1.210000
1.320000
1.430000
0.000000
0.115000
0.230000
0.345000
0.460000
0.575000
0.690000
0.805000
0.920000
1.035000
1.150000
1.265000
1.380000
1.495000
0.000000
0.120000
0.240000
0.360000
0.480000
0.600000
0.720000
0.840000
0.960000
1.080000
1.200000
1.320000
1.440000
1.560000
0.000000
0.125000
0.250000
0.375000
0.500000
0.625000
0.750000
0.875000
1.000000
1.125000
1.250000
1.375000
1.500000
1.625000
0.000000
0.130000
0.260000
0.390000
0.520000
0.650000
0.780000
0.910000
1.040000
1.170000
1.300000
1.430000
1.560000
1.690000
0.000000
0.135000
0.270000
0.405000
0.540000
0.675000
0.810000
0.945000
1.080000
1.215000
1.350000
1.485000
1.620000
1.755000
0.000000
0.140000
0.280000
0.420000
0.560000
0.700000
0.840000
0.980000
1.120000
1.260000
1.400000
1.540000
1.680000
1.820000
0.000000
0.145000
0.290000
0.435000
0.580000
0.725000
0.870000
1.015000
1.160000
1.305000
1.450000
1.595000
1.740000
1.885000
0.000000
0.150000
0.300000
0.450000
0.600000
0.750000
0.900000
1.050000
1.200000
1.350000
1.500000
1.650000
1.800000
1.950000
0.000000
0.155000
0.310000
0.465000
0.620000
0.775000
0.930000
1.085000
1.240000
1.395000
1.550000
1.705000
1.860000
2.015000
0.000000
0.160000
0.320000
0.480000
0.640000
0.800000
0.960000
1.120000
1.280000
1.440000
1.600000
1.760000
1.920000
2.080000
0.000000
0.165000
0.330000
0.495000
0.660000
0.825000
0.990000
1.155000
1.320000
1.485000
1.650000
1.815000
1.980000
2.145000
0.000000
0.170000
0.340000
0.510000
0.680000
0.850000
1.020000
1.190000
1.360000
1.530000
1.700000
1.870000
2.040000
2.210000
0.000000
0.175000
0.350000
0.525000
0.700000
0.875000
1.050000
1.225000
1.400000
1.575000
1.750000
1.925000
2.100000
2.275000
0.000000
0.180000
0.360000
0.540000
0.720000
0.900000
1.080000
1.260000
1.440000
1.620000
1.800000
1.980000
2.160000
2.340000
0.000000
0.185000
0.370000
0.555000
0.740000
0.925000
1.110000
1.295000
1.480000
1.665000
1.850000
2.035000
2.220000
2.405000
0.000000
0.190000
0.380000
0.570000
0.760000
0.950000
1.140000
1.330000
1.520000
1.710000
1.900000
2.090000
2.280000
2.470000
0.000000
0.195000
0.390000
0.585000
0.780000
0.975000
1.170000
1.365000
1.560000
1.755000
1.950000
2.145000
2.340000
2.535000
0.000000
0.200000
0.400000
0.600000
0.800000
1.000000
1.200000
1.400000
1.600000
1.800000
2.000000
2.200000
2.400000
2.600000
0.000000
0.205000
0.410000
0.615000
0.820000
1.025000
1.230000
1.435000
1.640000
1.845000
2.050000
2.255000
2.460000
2.665000
0.000000
0.210000
0.420000
0.630000
0.840000
1.050000
1.260000
1.470000
1.680000
1.890000
2.100000
2.310000
2.520000
2.730000
0.000000
0.215000
0.430000
0.645000
0.860000
1.075000
1.290000
1.505000
1.720000
1.935000
2.150000
2.365000
2.580000
2.795000
0.000000
0.220000
0.440000
0.660000
0.880000
1.100000
1.320000
1.540000
1.760000
1.980000
2.200000
2.420000
2.640000
2.860000
0.000000
0.225000
0.450000
0.675000
0.900000
1.125000
1.350000
1.575000
1.800000
2.025000
2.250000
2.475000
2.700000
2.925000
0.000000
0.230000
0.460000
0.690000
0.920000
1.150000
1.380000
1.610000
1.840000
2.070000
2.300000
2.530000
2.760000
2.990000
0.000000
0.235000
0.470000
0.705000
0.940000
1.175000
1.410000
1.645000
1.880000
2.115000
2.350000
2.585000
2.820000
3.055000
0.000000
0.240000
0.480000
0.720000
0.960000
1.200000
1.440000
1.680000
1.920000
2.160000
2.400000
2.640000
2.880000
3.120000
0.000000
0.245000
0.490000
0.735000
0.980000
1.225000
1.470000
1.715000
1.960000
2.205000
2.450000
2.695000
2.940000
3.185000
0.000000
0.250000
0.500000
0.750000
1.000000
1.250000
1.500000
1.750000
2.000000
2.250000
2.500000
2.750000
3.000000
3.250000
0.000000
0.255000
0.510000
0.765000
1.020000
1.275000
1.530000
1.785000
2.040000
2.295000
2.550000
2.805000
3.060000
3.315000
0.000000
0.260000
0.520000
0.780000
1.040000
1.300000
1.560000
1.820000
2.080000
2.340000
2.600000
2.860000
3.120000
3.380000
0.000000
0.265000
0.530000
0.795000
1.060000
1.325000
1.590000
1.855000
2.120000
2.385000
2.650000
2.915000
3.180000
3.445000
0.000000
0.270000
0.540000
0.810000
1.080000
1.350000
1.620000
1.890000
2.160000
2.430000
2.700000
2.970000
3.240000
3.510000
0.000000
0.275000
0.550000
0.825000
1.100000
1.375000
1.650000
1.925000
2.200000
2.475000
2.750000
3.025000
3.300000
3.575000
0.000000
0.280000
0.560000
0.840000
1.120000
1.400000
1.680000
1.960000
2.240000
2.520000
2.800000
3.080000
3.360000
3.640000
0.000000
0.285000
0.570000
0.855000
1.140000
1.425000
1.710000
1.995000
2.280000
2.565000
2.850000
3.135000
3.420000
3.705000
0.000000
0.290000
0.580000
0.870000
1.160000
1.450000
1.740000
2.030000
2.320000
2.610000
2.900000
3.190000
3.480000
3.770000
0.000000
0.295000
0.590000
0.885000
1.180000
1.475000
1.770000
2.065000
2.360000
2.655000
2.950000
3.245000
3.540000
3.835000
0.000000
0.300000
0.600000
0.900000
1.200000
1.500000
1.800000
2.100000
2.400000
2.700000
3.000000
3.300000
3.600000
3.900000
0.000000
0.305000
0.610000
0.915000
1.220000
1.525000
1.830000
2.135000
2.440000
2.745000
3.050000
3.355000
3.660000
3.965000
0.000000
0.310000
0.620000
0.930000
1.240000
1.550000
1.860000
2.170000
2.480000
2.790000
3.100000
3.410000
3.720000
4.030000
0.000000
0.315000
0.630000
0.945000
1.260000
1.575000
1.890000
2.205000
2.520000
2.835000
3.150000
3.465000
3.780000
4.095000
0.000000
0.320000
0.640000
0.960000
1.280000
1.600000
1.920000
2.240000
2.560000
2.880000
3.200000
3.520000
3.840000
4.160000
0.000000
0.325000
0.650000
0.975000
1.300000
1.625000
1.950000
2.275000
2.600000
2.925000
3.250000
3.575000
3.900000
4.225000
0.000000
0.330000
0.660000
0.990000
1.320000
1.650000
1.980000
2.310000
2.640000
2.970000
3.300000
3.630000
3.960000
4.290000
0.000000
0.335000
0.670000
1.005000
1.340000
1.675000
2.010000
2.345000
2.680000
3.015000
3.350000
3.685000
4.020000
4.355000
0.000000
0.340000
0.680000
1.020000
1.360000
1.700000
2.040000
2.380000
2.720000
3.060000
3.400000
3.740000
4.080000
4.420000
0.000000
0.345000
0.690000
1.035000
1.380000
1.725000
2.070000
2.415000
2.760000
3.105000
3.450000
3.795000
4.140000
4.485000
0.000000
0.350000
0.700000
1.050000
1.400000
1.750000
2.100000
2.450000
2.800000
3.150000
3.500000
3.850000
4.200000
4.550000
0.000000
0.355000
0.710000
1.065000
1.420000
1.775000
2.130000
2.485000
2.840000
3.195000
3.550000
3.905000
4.260000
4.615000
0.000000
0.360000
0.720000
1.080000
1.440000
1.800000
2.160000
2.520000
2.880000
3.240000
3.600000
3.960000
4.320000
4.680000
0.000000
0.365000
0.730000
1.095000
1.460000
1.825000
2.190000
2.555000
2.920000
3.285000
3.650000
4.015000
4.380000
4.745000
0.000000
0.370000
0.740000
1.110000
1.480000
1.850000
2.220000
2.590000
2.960000
3.330000
3.700000
4.070000
4.440000
4.810000
0.000000
0.375000
0.750000
1.125000
1.500000
1.875000
2.250000
2.625000
3.000000
3.375000
3.750000
4.125000
4.500000
4.875000
0.000000
0.380000
0.760000
1.140000
1.520000
1.900000
2.280000
2.660000
3.040000
3.420000
3.800000
4.180000
4.560000
4.940000
0.000000
0.385000
0.770000
1.155000
1.540000
1.925000
2.310000
2.695000
3.080000
3.465000
3.850000
4.235000
4.620000
5.005000
0.000000
0.390000
0.780000
1.170000
1.560000
1.950000
2.340000
2.730000
3.120000
3.510000
3.900000
4.290000
4.680000
5.070000
0.000000
0.395000
0.790000
1.185000
1.580000
1.975000
2.370000
2.765000
3.160000
3.555000
3.950000
4.345000
4.740000
5.135000
0.000000
0.400000
0.800000
1.200000
1.600000
2.000000
2.400000
2.800000
3.200000
3.600000
4.000000
4.400000
4.800000
5.200000
0.000000
0.405000
0.810000
1.215000
1.620000
2.025000
2.430000
2.835000
3.240000
3.645000
4.050000
4.455000
4.860000
5.265000
0.000000
0.410000
0.820000
1.230000
1.640000
2.050000
2.460000
2.870000
3.280000
3.690000
4.100000
4.510000
4.920000
5.330000
0.000000
0.415000
0.830000
1.245000
1.660000
2.075000
2.490000
2.905000
3.320000
3.735000
4.150000
4.565000
4.980000
5.395000
0.000000
0.420000
0.840000
1.260000
1.680000
2.100000
2.520000
2.940000
3.360000
3.780000
4.200000
4.620000
5.040000
5.460000
0.000000
0.425000
0.850000
1.275000
1.700000
2.125000
2.550000
2.975000
3.400000
3.825000
4.250000
4.675000
5.100000
5.525000
0.000000
0.430000
0.860000
1.290000
1.720000
2.150000
2.580000
3.010000
3.440000
3.870000
4.300000
4.730000
5.160000
5.590000
0.000000
0.435000
0.870000
1.305000
1.740000
2.175000
2.610000
3.045000
3.480000
3.915000
4.350000
4.785000
5.220000
5.655000
0.000000
0.440000
0.880000
1.320000
1.760000
2.200000
2.640000
3.080000
3.520000
3.960000
4.400000
4.840000
5.280000
5.720000
0.000000
0.445000
0.890000
1.335000
1.780000
2.225000
2.670000
3.115000
3.560000
4.005000
4.450000
4.895000
5.340000
5.785000
0.000000
0.450000
0.900000
1.350000
1.800000
2.250000
2.700000
3.150000
3.600000
4.050000
4.500000
4.950000
5.400000
5.850000
0.000000
0.455000
0.910000
1.365000
1.820000
2.275000
2.730000
3.185000
3.640000
4.095000
4.550000
5.005000
5.460000
5.915000
0.000000
0.460000
0.920000
1.380000
1.840000
2.300000
2.760000
3.220000
3.680000
4.140000
4.600000
5.060000
5.520000
5.980000
0.000000
0.465000
0.930000
1.395000
1.860000
2.325000
2.790000
3.255000
3.720000
4.185000
4.650000
5.115000
5.580000
6.045000
0.000000
0.470000
0.940000
1.410000
1.880000
2.350000
2.820000
3.290000
3.760000
4.230000
4.700000
5.170000
5.640000
6.110000
0.000000
0.475000
0.950000
1.425000
1.900000
2.375000
2.850000
3.325000
3.800000
4.275000
4.750000
5.225000
5.700000
6.175000
0.000000
0.480000
0.960000
1.440000
1.920000
2.400000
2.880000
3.360000
3.840000
4.320000
4.800000
5.280000
5.760000
6.240000
0.000000
0.485000
0.970000
1.455000
1.940000
2.425000
2.910000
3.395000
3.880000
4.365000
4.850000
5.335000
5.820000
6.305000
0.000000
0.490000
0.980000
1.470000
1.960000
2.450000
2.940000
3.430000
3.920000
4.410000
4.900000
5.390000
5.880000
6.370000
0.000000
0.495000
0.990000
1.485000
1.980000
2.475000
2.970000
3.465000
3.960000
4.455000
4.950000
5.445000
5.940000
6.435000
0.000000
0.500000
1.000000
1.500000
2.000000
2.500000
3.000000
3.500000
4.000000
4.500000
5.000000
5.500000
6.000000
6.500000
0.000000
0.505000
1.010000
1.515000
2.020000
2.525000
3.030000
3.535000
4.040000
4.545000
5.050000
5.555000
6.060000
6.565000
0.000000
0.510000
1.020000
1.530000
2.040000
2.550000
3.060000
3.570000
4.080000
4.590000
5.100000
5.610000
6.120000
6.630000
0.000000
0.515000
1.030000
1.545000
2.060000
2.575000
3.090000
3.605000
4.120000
4.635000
5.150000
5.665000
6.180000
6.695000
0.000000
0.520000
1.040000
1.560000
2.080000
2.600000
3.120000
3.640000
4.160000
4.680000
5.200000
5.720000
6.240000
6.760000
0.000000
0.525000
1.050000
1.575000
2.100000
2.625000
3.150000
3.675000
4.200000
4.725000
5.250000
5.775000
6.300000
6.825000
0.000000
0.530000
1.060000
1.590000
2.120000
2.650000
3.180000
3.710000
4.240000
4.770000
5.300000
5.830000
6.360000
6.890000
0.000000
0.535000
1.070000
1.605000
2.140000
2.675000
3.210000
3.745000
4.280000
4.815000
5.350000
5.885000
6.420000
6.955000
0.000000
0.540000
1.080000
1.620000
2.160000
2.700000
3.240000
3.780000
4.320000
4.860000
5.400000
5.940000
6.480000
7.020000
0.000000
0.545000
1.090000
1.635000
2.180000
2.725000
3.270000
3.815000
4.360000
4.905000
5.450000
5.995000
6.540000
7.085000
0.000000
0.550000
1.100000
1.650000
2.200000
2.750000
3.300000
3.850000
4.400000
4.950000
5.500000
6.050000
6.600000
7.150000
0.000000
0.555000
1.110000
1.665000
2.220000
2.775000
3.330000
3.885000
4.440000
4.995000
5.550000
6.105000
6.660000
7.215000
0.000000
0.560000
1.120000
1.680000
2.240000
2.800000
3.360000
3.920000
4.480000
5.040000
5.600000
6.160000
6.720000
7.280000
0.000000
0.565000
1.130000
1.695000
2.260000
2.825000
3.390000
3.955000
4.520000
5.085000
5.650000
6.215000
6.780000
7.345000
0.000000
0.570000
1.140000
1.710000
2.280000
2.850000
3.420000
3.990000
4.560000
5.130000
5.700000
6.270000
6.840000
7.410000
0.000000
0.575000
1.150000
1.725000
2.300000
2.875000
3.450000
4.025000
4.600000
5.175000
5.750000
6.325000
6.900000
7.475000
0.000000
0.580000
1.160000
1.740000
2.320000
2.900000
3.480000
4.060000
4.640000
5.220000
5.800000
6.380000
6.960000
7.540000
0.000000
0.585000
1.170000
1.755000
2.340000
2.925000
3.510000
4.095000
4.680000
5.265000
5.850000
6.435000
7.020000
7.605000
0.000000
0.590000
1.180000
1.770000
2.360000
2.950000
3.540000
4.130000
4.720000
5.310000
5.900000
6.490000
7.080000
7.670000
0.000000
0.595000
1.190000
1.785000
2.380000
2.975000
3.570000
4.165000
4.760000
5.355000
5.950000
6.545000
7.140000
7.735000
0.000000
0.600000
1.200000
1.800000
2.400000
3.000000
3.600000
4.200000
4.800000
5.400000
6.000000
6.600000
7.200000
7.800000
0.000000
0.605000
1.210000
1.815000
2.420000
3.025000
3.630000
4.235000
4.840000
5.445000
6.050000
6.655000
7.260000
7.865000
0.000000
0.610000
1.220000
1.830000
2.440000
3.050000
3.660000
4.270000
4.880000
5.490000
6.100000
6.710000
7.320000
7.930000
0.000000
0.615000
1.230000
1.845000
2.460000
3.075000
3.690000
4.305000
4.920000
5.535000
6.150000
6.765000
7.380000
7.995000
0.000000
0.620000
1.240000
1.860000
2.480000
3.100000
3.720000
4.340000
4.960000
5.580000
6.200000
6.820000
7.440000
8.060000
0.000000
0.625000
1.250000
1.875000
2.500000
3.125000
3.750000
4.375000
5.000000
5.625000
6.250000
6.875000
7.500000
8.125000
0.000000
0.630000
1.260000
1.890000
2.520000
3.150000
3.780000
4.410000
5.040000
5.670000
6.300000
6.930000
7.560000
8.190000
0.000000
0.635000
1.270000
1.905000
2.540000
3.175000
3.810000
4.445000
5.080000
5.715000
6.350000
6.985000
7.620000
8.255000
0.000000
0.640000
1.280000
1.920000
2.560000
3.200000
3.840000
4.480000
5.120000
5.760000
6.400000
7.040000
7.680000
8.320000
0.000000
0.645000
1.290000
1.935000
2.580000
3.225000
3.870000
4.515000
5.160000
5.805000
6.450000
7.095000
7.740000
8.385000
0.000000
0.650000
1.300000
1.950000
2.600000
3.250000
3.900000
4.550000
5.200000
5.850000
6.500000
7.150000
7.800000
8.450000
0.000000
0.655000
1.310000
1.965000
2.620000
3.275000
3.930000
4.585000
5.240000
5.895000
6.550000
7.205000
7.860000
8.515000
0.000000
0.660000
1.320000
1.980000
2.640000
3.300000
3.960000
4.620000
5.280000
5.940000
6.600000
7.260000
7.920000
8.580000
0.000000
0.665000
1.330000
1.995000
2.660000
3.325000
3.990000
4.655000
5.320000
5.985000
6.650000
7.315000
7.980000
8.645000
0.000000
0.670000
1.340000
2.010000
2.680000
3.350000
4.020000
4.690000
5.360000
6.030000
6.700000
7.370000
8.040000
8.710000
0.000000
0.675000
1.350000
2.025000
2.700000
3.375000
4.050000
4.725000
5.400000
6.075000
6.750000
7.425000
8.100000
8.775000
0.000000
0.680000
1.360000
2.040000
2.720000
3.400000
4.080000
4.760000
5.440000
6.120000
6.800000
7.480000
8.160000
8.840000
0.000000
0.685000
1.370000
2.055000
2.740000
3.425000
4.110000
4.795000
5.480000
6.165000
6.850000
7.535000
8.220000
8.905000
0.000000
0.690000
1.380000
2.070000
2.760000
3.450000
4.140000
4.830000
5.520000
6.210000
6.900000
7.590000
8.280000
8.970000
0.000000
0.695000
1.390000
2.085000
2.780000
3.475000
4.170000
4.865000
5.560000
6.255000
6.950000
7.645000
8.340000
9.035000
0.000000
0.700000
1.400000
2.100000
2.800000
3.500000
4.200000
4.900000
5.600000
6.300000
7.000000
7.700000
8.400000
9.100000
0.000000
0.705000
1.410000
2.115000
2.820000
3.525000
4.230000
4.935000
5.640000
6.345000
7.050000
7.755000
8.460000
9.165000
0.000000
0.710000
1.420000
2.130000
2.840000
3.550000
4.260000
4.970000
5.680000
6.390000
7.100000
7.810000
8.520000
9.230000
0.000000
0.715000
1.430000
2.145000
2.860000
3.575000
4.290000
5.005000
5.720000
6.435000
7.150000
7.865000
8.580000
9.295000
0.000000
0.720000
1.440000
2.160000
2.880000
3.600000
4.320000
5.040000
5.760000
6.480000
7.200000
7.920000
8.640000
9.360000
0.000000
0.725000
1.450000
2.175000
2.900000
3.625000
4.350000
5.075000
5.800000
6.525000
7.250000
7.975000
8.700000
9.425000
0.000000
0.730000
1.460000
2.190000
2.920000
3.650000
4.380000
5.110000
5.840000
6.570000
7.300000
8.030000
8.760000
9.490000
0.000000
0.735000
1.470000
2.205000
2.940000
3.675000
4.410000
5.145000
5.880000
6.615000
7.350000
8.085000
8.820000
9.555000
0.000000
0.740000
1.480000
2.220000
2.960000
3.700000
4.440000
5.180000
5.920000
6.660000
7.400000
8.140000
8.880000
9.620000
0.000000
0.745000
1.490000
2.235000
2.980000
3.725000
4.470000
5.215000
5.960000
6.705000
7.450000
8.195000
8.940000
9.685000
0.000000
0.750000
1.500000
2.250000
3.000000
3.750000
4.500000
5.250000
6.000000
6.750000
7.500000
8.250000
9.000000
9.750000
0.000000
0.755000
1.510000
2.265000
3.020000
3.775000
4.530000
5.285000
6.040000
6.795000
7.550000
8.305000
9.060000
9.815000
0.000000
0.760000
1.520000
2.280000
3.040000
3.800000
4.560000
5.320000
6.080000
6.840000
7.600000
8.360000
9.120000
9.880000
0.000000
0.765000
1.530000
2.295000
3.060000
3.825000
4.590000
5.355000
6.120000
6.885000
7.650000
8.415000
9.180000
9.945000
0.000000
0.770000
1.540000
2.310000
3.080000
3.850000
4.620000
5.390000
6.160000
6.930000
7.700000
8.470000
9.240000
10.010000
0.000000
0.775000
1.550000
2.325000
3.100000
3.875000
4.650000
5.425000
6.200000
6.975000
7.750000
8.525000
9.300000
10.075000
0.000000
0.780000
1.560000
2.340000
3.120000
3.900000
4.680000
5.460000
6.240000
7.020000
7.800000
8.580000
9.360000
10.140000
0.000000
0.785000
1.570000
2.355000
3.140000
3.925000
4.710000
5.495000
6.280000
7.065000
7.850000
8.635000
9.420000
10.205000
0.000000
0.790000
1.580000
2.370000
3.160000
3.950000
4.740000
5.530000
6.320000
7.110000
7.900000
8.690000
9.480000
10.270000
0.000000
0.795000
1.590000
2.385000
3.180000
3.975000
4.770000
5.565000
6.360000
7.155000
7.950000
8.745000
9.540000
10.335000
0.000000
0.800000
1.600000
2.400000
3.200000
4.000000
4.800000
5.600000
6.400000
7.200000
8.000000
8.800000
9.600000
10.400000
0.000000
0.805000
1.610000
2.415000
3.220000
4.025000
4.830000
5.635000
6.440000
7.245000
8.050000
8.855000
9.660000
10.465000
0.000000
0.810000
1.620000
2.430000
3.240000
4.050000
4.860000
5.670000
6.480000
7.290000
8.100000
8.910000
9.720000
10.530000
0.000000
0.815000
1.630000
2.445000
3.260000
4.075000
4.890000
5.705000
6.520000
7.335000
8.150000
8.965000
9.780000
10.595000
0.000000
0.820000
1.640000
2.460000
3.280000
4.100000
4.920000
5.740000
6.560000
7.380000
8.200000
9.020000
9.840000
10.660000
0.000000
0.825000
1.650000
2.475000
3.300000
4.125000
4.950000
5.775000
6.600000
7.425000
8.250000
9.075000
9.900000
10.725000
0.000000
0.830000
1.660000
2.490000
3.320000
4.150000
4.980000
5.810000
6.640000
7.470000
8.300000
9.130000
9.960000
10.790000
0.000000
0.835000
1.670000
2.505000
3.340000
4.175000
5.010000
5.845000
6.680000
7.515000
8.350000
9.185000
10.020000
10.855000
0.000000
0.840000
1.680000
2.520000
3.360000
4.200000
5.040000
5.880000
6.720000
7.560000
8.400000
9.240000
10.080000
10.920000
0.000000
0.845000
1.690000
2.535000
3.380000
4.225000
5.070000
5.915000
6.760000
7.605000
8.450000
9.295000
10.140000
10.985000
0.000000
0.850000
1.700000
2.550000
3.400000
4.250000
5.100000
5.950000
6.800000
7.650000
8.500000
9.350000
10.200000
11.050000
0.000000
0.855000
1.710000
2.565000
3.420000
4.275000
5.130000
5.985000
6.840000
7.695000
8.550000
9.405000
10.260000
11.115000
0.000000
0.860000
1.720000
2.580000
3.440000
4.300000
5.160000
6.020000
6.880000
7.740000
8.600000
9.460000
10.320000
11.180000
0.000000
0.865000
1.730000
2.595000
3.460000
4.325000
5.190000
6.055000
6.920000
7.785000
8.650000
9.515000
10.380000
11.245000
0.000000
0.870000
1.740000
2.610000
3.480000
4.350000
5.220000
6.090000
6.960000
7.830000
8.700000
9.570000
10.440000
11.310000
0.000000
0.875000
1.750000
2.625000
3.500000
4.375000
5.250000
6.125000
7.000000
7.875000
8.750000
9.625000
10.500000
11.375000
0.000000
0.880000
1.760000
2.640000
3.520000
4.400000
5.280000
6.160000
7.040000
7.920000
8.800000
9.680000
10.560000
11.440000
0.000000
0.885000
1.770000
2.655000
3.540000
4.425000
5.310000
6.195000
7.080000
7.965000
8.850000
9.735000
10.620000
11.505000
0.000000
0.890000
1.780000
2.670000
3.560000
4.450000
5.340000
6.230000
7.120000
8.010000
8.900000
9.790000
10.680000
11.570000
0.000000
0.895000
1.790000
2.685000
3.580000
4.475000
5.370000
6.265000
7.160000
8.055000
8.950000
9.845000
10.740000
11.635000
0.000000
0.900000
1.800000
2.700000
3.600000
4.500000
5.400000
6.300000
7.200000
8.100000
9.000000
9.900000
10.800000
11.700000
0.000000
0.905000
1.810000
2.715000
3.620000
4.525000
5.430000
6.335000
7.240000
8.145000
9.050000
9.955000
10.860000
11.765000
0.000000
0.910000
1.820000
2.730000
3.640000
4.550000
5.460000
6.370000
7.280000
8.190000
9.100000
10.010000
10.920000
11.830000
0.000000
0.915000
1.830000
2.745000
3.660000
4.575000
5.490000
6.405000
7.320000
8.235000
9.150000
10.065000
10.980000
11.895000
0.000000
0.920000
1.840000
2.760000
3.680000
4.600000
5.520000
6.440000
7.360000
8.280000
9.200000
10.120000
11.040000
11.960000
0.000000
0.925000
1.850000
2.775000
3.700000
4.625000
5.550000
6.475000
7.400000
8.325000
9.250000
10.175000
11.100000
12.025000
0.000000
0.930000
1.860000
2.790000
3.720000
4.650000
5.580000
6.510000
7.440000
8.370000
9.300000
10.230000
11.160000
12.090000
0.000000
0.935000
1.870000
2.805000
3.740000
4.675000
5.610000
6.545000
7.480000
8.415000
9.350000
10.285000
11.220000
12.155000
0.000000
0.940000
1.880000
2.820000
3.760000
4.700000
5.640000
6.580000
7.520000
8.460000
9.400000
10.340000
11.280000
12.220000
0.000000
0.945000
1.890000
2.835000
3.780000
4.725000
5.670000
6.615000
7.560000
8.505000
9.450000
10.395000
11.340000
12.285000
0.000000
0.950000
1.900000
2.850000
3.800000
4.750000
5.700000
6.650000
7.600000
8.550000
9.500000
10.450000
11.400000
12.350000
0.000000
0.955000
1.910000
2.865000
3.820000
4.775000
5.730000
6.685000
7.640000
8.595000
9.550000
10.505000
11.460000
12.415000
0.000000
0.960000
1.920000
2.880000
3.840000
4.800000
5.760000
6.720000
7.680000
8.640000
9.600000
10.560000
11.520000
12.480000
0.000000
0.965000
1.930000
2.895000
3.860000
4.825000
5.790000
6.755000
7.720000
8.685000
9.650000
10.615000
11.580000
12.545000
0.000000
0.970000
1.940000
2.910000
3.880000
4.850000
5.820000
6.790000
7.760000
8.730000
9.700000
10.670000
11.640000
12.610000
0.000000
0.975000
1.950000
2.925000
3.900000
4.875000
5.850000
6.825000
7.800000
8.775000
9.750000
10.725000
11.700000
12.675000
0.000000
0.980000
1.960000
2.940000
3.920000
4.900000
5.880000
6.860000
7.840000
8.820000
9.800000
10.780000
11.760000
12.740000
0.000000
0.985000
1.970000
2.955000
3.940000
4.925000
5.910000
6.895000
7.880000
8.865000
9.850000
10.835000
11.820000
12.805000
0.000000
0.990000
1.980000
2.970000
3.960000
4.950000
5.940000
6.930000
7.920000
8.910000
9.900000
10.890000
11.880000
12.870000
0.000000
0.995000
1.990000
2.985000
3.980000
4.975000
5.970000
6.965000
7.960000
8.955000
9.950000
10.945000
11.940000
12.935000
0.000000
1.000000
2.000000
3.000000
4.000000
5.000000
6.000000
7.000000
8.000000
9.000000
10.000000
11.000000
12.000000
13.000000
0.000000
1.005000
2.010000
3.015000
4.020000
5.025000
6.030000
7.035000
8.040000
9.045000
10.050000
11.055000
12.060000
13.065000
0.000000
1.010000
2.020000
3.030000
4.040000
5.050000
6.060000
7.070000
8.080000
9.090000
10.100000
11.110000
12.120000
13.130000
0.000000
1.015000
2.030000
3.045000
4.060000
5.075000
6.090000
7.105000
8.120000
9.135000
10.150000
11.165000
12.180000
13.195000
0.000000
1.020000
2.040000
3.060000
4.080000
5.100000
6.120000
7.140000
8.160000
9.180000
10.200000
11.220000
12.240000
13.260000
0.000000
1.025000
2.050000
3.075000
4.100000
5.125000
6.150000
7.175000
8.200000
9.225000
10.250000
11.275000
12.300000
13.325000
0.000000
1.030000
2.060000
3.090000
4.120000
5.150000
6.180000
7.210000
8.240000
9.270000
10.300000
11.330000
12.360000
13.390000
0.000000
1.035000
2.070000
3.105000
4.140000
5.175000
6.210000
7.245000
8.280000
9.315000
10.350000
11.385000
12.420000
13.455000
0.000000
1.040000
2.080000
3.120000
4.160000
5.200000
6.240000
7.280000
8.320000
9.360000
10.400000
11.440000
12.480000
13.520000
0.000000
1.045000
2.090000
3.135000
4.180000
5.225000
6.270000
7.315000
8.360000
9.405000
10.450000
11.495000
12.540000
13.585000
0.000000
1.050000
2.100000
3.150000
4.200000
5.250000
6.300000
7.350000
8.400000
9.450000
10.500000
11.550000
12.600000
13.650000
0.000000
1.055000
2.110000
3.165000
4.220000
5.275000
6.330000
7.385000
8.440000
9.495000
10.550000
11.605000
12.660000
13.715000
0.000000
1.060000
2.120000
3.180000
4.240000
5.300000
6.360000
7.420000
8.480000
9.540000
10.600000
11.660000
12.720000
13.780000
0.000000
1.065000
2.130000
3.195000
4.260000
5.325000
6.390000
7.455000
8.520000
9.585000
10.650000
11.715000
12.780000
13.845000
0.000000
1.070000
2.140000
3.210000
4.280000
5.350000
6.420000
7.490000
8.560000
9.630000
10.700000
11.770000
12.840000
13.910000
0.000000
1.075000
2.150000
3.225000
4.300000
5.375000
6.450000
7.525000
8.600000
9.675000
10.750000
11.825000
12.900000
13.975000
0.000000
1.080000
2.160000
3.240000
4.320000
5.400000
6.480000
7.560000
8.640000
9.720000
10.800000
11.880000
12.960000
14.040000
0.000000
1.085000
2.170000
3.255000
4.340000
5.425000
6.510000
7.595000
8.680000
9.765000
10.850000
11.935000
13.020000
14.105000
0.000000
1.090000
2.180000
3.270000
4.360000
5.450000
6.540000
7.630000
8.720000
9.810000
10.900000
11.990000
13.080000
14.170000
0.000000
1.095000
2.190000
3.285000
4.380000
5.475000
6.570000
7.665000
8.760000
9.855000
10.950000
12.045000
13.140000
14.235000
0.000000
1.100000
2.200000
3.300000
4.400000
5.500000
6.600000
7.700000
8.800000
9.900000
11.000000
12.100000
13.200000
14.300000
0.000000
1.105000
2.210000
3.315000
4.420000
5.525000
6.630000
7.735000
8.840000
9.945000
11.050000
12.155000
13.260000
14.365000
0.000000
1.110000
2.220000
3.330000
4.440000
5.550000
6.660000
7.770000
8.880000
9.990000
11.100000
12.210000
13.320000
14.430000
0.000000
1.115000
2.230000
3.345000
4.460000
5.575000
6.690000
7.805000
8.920000
10.035000
11.150000
12.265000
13.380000
14.495000
0.000000
1.120000
2.240000
3.360000
4.480000
5.600000
6.720000
7.840000
8.960000
10.080000
11.200000
12.320000
13.440000
14.560000
0.000000
1.125000
2.250000
3.375000
4.500000
5.625000
6.750000
7.875000
9.000000
10.125000
11.250000
12.375000
13.500000
14.625000
0.000000
1.130000
2.260000
3.390000
4.520000
5.650000
6.780000
7.910000
9.040000
10.170000
11.300000
12.430000
13.560000
14.690000
0.000000
1.135000
2.270000
3.405000
4.540000
5.675000
6.810000
7.945000
9.080000
10.215000
11.350000
12.485000
13.620000
14.755000
0.000000
1.140000
2.280000
3.420000
4.560000
5.700000
6.840000
7.980000
9.120000
10.260000
11.400000
12.540000
13.680000
14.820000
0.000000
1.145000
2.290000
3.435000
4.580000
5.725000
6.870000
8.015000
9.160000
10.305000
11.450000
12.595000
13.740000
14.885000
0.000000
1.150000
2.300000
3.450000
4.600000
5.750000
6.900000
8.050000
9.200000
10.350000
11.500000
12.650000
13.800000
14.950000
0.000000
1.155000
2.310000
3.465000
4.620000
5.775000
6.930000
8.085000
9.240000
10.395000
11.550000
12.705000
13.860000
15.015000
0.000000
1.160000
2.320000
3.480000
4.640000
5.800000
6.960000
8.120000
9.280000
10.440000
11.600000
12.760000
13.920000
15.080000
0.000000
1.165000
2.330000
3.495000
4.660000
5.825000
6.990000
8.155000
9.320000
10.485000
11.650000
12.815000
13.980000
15.145000
0.000000
1.170000
2.340000
3.510000
4.680000
5.850000
7.020000
8.190000
9.360000
10.530000
11.700000
12.870000
14.040000
15.210000
0.000000
1.175000
2.350000
3.525000
4.700000
5.875000
7.050000
8.225000
9.400000
10.575000
11.750000
12.925000
14.100000
15.275000
0.000000
1.180000
2.360000
3.540000
4.720000
5.900000
7.080000
8.260000
9.440000
10.620000
11.800000
12.980000
14.160000
15.340000
0.000000
1.185000
2.370000
3.555000
4.740000
5.925000
7.110000
8.295000
9.480000
10.665000
11.850000
13.035000
14.220000
15.405000
0.000000
1.190000
2.380000
3.570000
4.760000
5.950000
7.140000
8.330000
9.520000
10.710000
11.900000
13.090000
14.280000
15.470000
0.000000
1.195000
2.390000
3.585000
4.780000
5.975000
7.170000
8.365000
9.560000
10.755000
11.950000
13.145000
14.340000
15.535000
0.000000
1.200000
2.400000
3.600000
4.800000
6.000000
7.200000
8.400000
9.600000
10.800000
12.000000
13.200000
14.400000
15.600000
0.000000
1.205000
2.410000
3.615000
4.820000
6.025000
7.230000
8.435000
9.640000
10.845000
12.050000
13.255000
14.460000
15.665000
0.000000
1.210000
2.420000
3.630000
4.840000
6.050000
7.260000
8.470000
9.680000
10.890000
12.100000
13.310000
14.520000
15.730000
0.000000
1.215000
2.430000
3.645000
4.860000
6.075000
7.290000
8.505000
9.720000
10.935000
12.150000
13.365000
14.580000
15.795000
0.000000
1.220000
2.440000
3.660000
4.880000
6.100000
7.320000
8.540000
9.760000
10.980000
12.200000
13.420000
14.640000
15.860000
0.000000
1.225000
2.450000
3.675000
4.900000
6.125000
7.350000
8.575000
9.800000
11.025000
12.250000
13.475000
14.700000
15.925000
0.000000
1.230000
2.460000
3.690000
4.920000
6.150000
7.380000
8.610000
9.840000
11.070000
12.300000
13.530000
14.760000
15.990000
0.000000
1.235000
2.470000
3.705000
4.940000
6.175000
7.410000
8.645000
9.880000
11.115000
12.350000
13.585000
14.820000
16.055000
0.000000
1.240000
2.480000
3.720000
4.960000
6.200000
7.440000
8.680000
9.920000
11.160000
12.400000
13.640000
14.880000
16.120000
0.000000
1.245000
2.490000
3.735000
4.980000
6.225000
7.470000
8.715000
9.960000
11.205000
12.450000
13.695000
14.940000
16.185000
0.000000
1.250000
2.500000
3.750000
5.000000
6.250000
7.500000
8.750000
10.000000
11.250000
12.500000
13.750000
15.000000
16.250000
0.000000
1.255000
2.510000
3.765000
5.020000
6.275000
7.530000
8.785000
10.040000
11.295000
12.550000
13.805000
15.060000
16.315000
0.000000
1.260000
2.520000
3.780000
5.040000
6.300000
7.560000
8.820000
10.080000
11.340000
12.600000
13.860000
15.120000
16.380000
0.000000
1.265000
2.530000
3.795000
5.060000
6.325000
7.590000
8.855000
10.120000
11.385000
12.650000
13.915000
15.180000
16.445000
0.000000
1.270000
2.540000
3.810000
5.080000
6.350000
7.620000
8.890000
10.160000
11.430000
12.700000
13.970000
15.240000
16.510000
0.000000
1.275000
2.550000
3.825000
5.100000
6.375000
7.650000
8.925000
10.200000
11.475000
12.750000
14.025000
15.300000
16.575000
0.000000
1.280000
2.560000
3.840000
5.120000
6.400000
7.680000
8.960000
10.240000
11.520000
12.800000
14.080000
15.360000
16.640000
0.000000
1.285000
2.570000
3.855000
5.140000
6.425000
7.710000
8.995000
10.280000
11.565000
12.850000
14.135000
15.420000
16.705000
0.000000
1.290000
2.580000
3.870000
5.160000
6.450000
7.740000
9.030000
10.320000
11.610000
12.900000
14.190000
15.480000
16.770000
0.000000
1.295000
2.590000
3.885000
5.180000
6.475000
7.770000
9.065000
10.360000
11.655000
12.950000
14.245000
15.540000
16.835000
0.000000
1.300000
2.600000
3.900000
5.200000
6.500000
7.800000
9.100000
10.400000
11.700000
13.000000
14.300000
15.600000
16.900000
0.000000
1.305000
2.610000
3.915000
5.220000
6.525000
7.830000
9.135000
10.440000
11.745000
13.050000
14.355000
15.660000
16.965000
0.000000
1.310000
2.620000
3.930000
5.240000
6.550000
7.860000
9.170000
10.480000
11.790000
13.100000
14.410000
15.720000
17.030000
0.000000
1.315000
2.630000
3.945000
5.260000
6.575000
7.890000
9.205000
10.520000
11.835000
13.150000
14.465000
15.780000
17.095000
0.000000
1.320000
2.640000
3.960000
5.280000
6.600000
7.920000
9.240000
10.560000
11.880000
13.200000
14.520000
15.840000
17.160000
0.000000
1.325000
2.650000
3.975000
5.300000
6.625000
7.950000
9.275000
10.600000
11.925000
13.250000
14.575000
15.900000
17.225000
0.000000
1.330000
2.660000
3.990000
5.320000
6.650000
7.980000
9.310000
10.640000
11.970000
13.300000
14.630000
15.960000
17.290000
0.000000
1.335000
2.670000
4.005000
5.340000
6.675000
8.010000
9.345000
10.680000
12.015000
13.350000
14.685000
16.020000
17.355000
0.000000
1.340000
2.680000
4.020000
5.360000
6.700000
8.040000
9.380000
10.720000
12.060000
13.400000
14.740000
16.080000
17.420000
0.000000
1.345000
2.690000
4.035000
5.380000
6.725000
8.070000
9.415000
10.760000
12.105000
13.450000
14.795000
16.140000
17.485000
0.000000
1.350000
2.700000
4.050000
5.400000
6.750000
8.100000
9.450000
10.800000
12.150000
13.500000
14.850000
16.200000
17.550000
0.000000
1.355000
2.710000
4.065000
5.420000
6.775000
8.130000
9.485000
10.840000
12.195000
13.550000
14.905000
16.260000
17.615000
0.000000
1.360000
2.720000
4.080000
5.440000
6.800000
8.160000
9.520000
10.880000
12.240000
13.600000
14.960000
16.320000
17.680000
0.000000
1.365000
2.730000
4.095000
5.460000
6.825000
8.190000
9.555000
10.920000
12.285000
13.650000
15.015000
16.380000
17.745000
0.000000
1.370000
2.740000
4.110000
5.480000
6.850000
8.220000
9.590000
10.960000
12.330000
13.700000
15.070000
16.440000
17.810000
0.000000
1.375000
2.750000
4.125000
5.500000
6.875000
8.250000
9.625000
11.000000
12.375000
13.750000
15.125000
16.500000
17.875000
0.000000
1.380000
2.760000
4.140000
5.520000
6.900000
8.280000
9.660000
11.040000
12.420000
13.800000
15.180000
16.560000
17.940000
0.000000
1.385000
2.770000
4.155000
5.540000
6.925000
8.310000
9.695000
11.080000
12.465000
13.850000
15.235000
16.620000
18.005000
0.000000
1.390000
2.780000
4.170000
5.560000
6.950000
8.340000
9.730000
11.120000
12.510000
13.900000
15.290000
16.680000
18.070000
0.000000
1.395000
2.790000
4.185000
5.580000
6.975000
8.370000
9.765000
11.160000
12.555000
13.950000
15.345000
16.740000
18.135000
0.000000
1.400000
2.800000
4.200000
5.600000
7.000000
8.400000
9.800000
11.200000
12.600000
14.000000
15.400000
16.800000
18.200000
0.000000
1.405000
2.810000
4.215000
5.620000
7.025000
8.430000
9.835000
11.240000
12.645000
14.050000
15.455000
16.860000
18.265000
0.000000
1.410000
2.820000
4.230000
5.640000
7.050000
8.460000
9.870000
11.280000
12.690000
14.100000
15.510000
16.920000
18.330000
0.000000
1.415000
2.830000
4.245000
5.660000
7.075000
8.490000
9.905000
11.320000
12.735000
14.150000
15.565000
16.980000
18.395000
0.000000
1.420000
2.840000
4.260000
5.680000
7.100000
8.520000
9.940000
11.360000
12.780000
14.200000
15.620000
17.040000
18.460000
0.000000
1.425000
2.850000
4.275000
5.700000
7.125000
8.550000
9.975000
11.400000
12.825000
14.250000
15.675000
17.100000
18.525000
0.000000
1.430000
2.860000
4.290000
5.720000
7.150000
8.580000
10.010000
11.440000
12.870000
14.300000
15.730000
17.160000
18.590000
0.000000
1.435000
2.870000
4.305000
5.740000
7.175000
8.610000
10.045000
11.480000
12.915000
14.350000
15.785000
17.220000
18.655000
0.000000
1.440000
2.880000
4.320000
5.760000
7.200000
8.640000
10.080000
11.520000
12.960000
14.400000
15.840000
17.280000
18.720000
0.000000
1.445000
2.890000
4.335000
5.780000
7.225000
8.670000
10.115000
11.560000
13.005000
14.450000
15.895000
17.340000
18.785000
0.000000
1.450000
2.900000
4.350000
5.800000
7.250000
8.700000
10.150000
11.600000
13.050000
14.500000
15.950000
17.400000
18.850000
0.000000
1.455000
2.910000
4.365000
5.820000
7.275000
8.730000
10.185000
11.640000
13.095000
14.550000
16.005000
17.460000
18.915000
0.000000
1.460000
2.920000
4.380000
5.840000
7.300000
8.760000
10.220000
11.680000
13.140000
14.600000
16.060000
17.520000
18.980000
0.000000
1.465000
2.930000
4.395000
5.860000
7.325000
8.790000
10.255000
11.720000
13.185000
14.650000
16.115000
17.580000
19.045000
0.000000
1.470000
2.940000
4.410000
5.880000
7.350000
8.820000
10.290000
11.760000
13.230000
14.700000
16.170000
17.640000
19.110000
0.000000
1.475000
2.950000
4.425000
5.900000
7.375000
8.850000
10.325000
11.800000
13.275000
14.750000
16.225000
17.700000
19.175000
0.000000
1.480000
2.960000
4.440000
5.920000
7.400000
8.880000
10.360000
11.840000
13.320000
14.800000
16.280000
17.760000
19.240000
0.000000
1.485000
2.970000
4.455000
5.940000
7.425000
8.910000
10.395000
11.880000
13.365000
14.850000
16.335000
17.820000
19.305000
0.000000
1.490000
2.980000
4.470000
5.960000
7.450000
8.940000
10.430000
11.920000
13.410000
14.900000
16.390000
17.880000
19.370000
0.000000
1.495000
2.990000
4.485000
5.980000
7.475000
8.970000
10.465000
11.960000
13.455000
14.950000
16.445000
17.940000
19.435000
0.000000
1.500000
3.000000
4.500000
6.000000
7.500000
9.000000
10.500000
12.000000
13.500000
15.000000
16.500000
18.000000
19.500000
