1.000000
1.000000
1.000000
1.000000
1.000000
1.000000
1.000000
1.000000
1.000000
1.000000
1.000000
1.000000
1.000000
1.000000
1.000000
0.999996
0.999983
0.999963
0.999933
0.999896
0.999850
0.999796
0.999733
0.999663
0.999583
0.999496
0.999400
0.999296
1.000000
0.999983
0.999933
0.999850
0.999733
0.999583
0.999400
0.999184
0.998934
0.998651
0.998334
0.997985
0.997602
0.997186
1.000000
0.999963
0.999850
0.999663
0.999400
0.999063
0.998651
0.998164
0.997602
0.996965
0.996254
0.995469
0.994609
0.993675
1.000000
0.999933
0.999733
0.999400
0.998934
0.998334
0.997602
0.996737
0.995739
0.994609
0.993347
0.991953
0.990428
0.988771
1.000000
0.999896
0.999583
0.999063
0.998334
0.997398
0.996254
0.994904
0.993347
0.991584
0.989616
0.987443
0.985067
0.982489
1.000000
0.999850
0.999400
0.998651
0.997602
0.996254
0.994609
0.992666
0.990428
0.987894
0.985067
0.981949
0.978540
0.974842
1.000000
0.999796
0.999184
0.998164
0.996737
0.994904
0.992666
0.990026
0.986984
0.983544
0.979708
0.975478
0.970858
0.965851
1.000000
0.999733
0.998934
0.997602
0.995739
0.993347
0.990428
0.986984
0.983021
0.978540
0.973546
0.968044
0.962040
0.955539
1.000000
0.999663
0.998651
0.996965
0.994609
0.991584
0.987894
0.983544
0.978540
0.972886
0.966590
0.959660
0.952104
0.943931
1.000000
0.999583
0.998334
0.996254
0.993347
0.989616
0.985067
0.979708
0.973546
0.966590
0.958851
0.950340
0.941071
0.931056
1.000000
0.999496
0.997985
0.995469
0.991953
0.987443
0.981949
0.975478
0.968044
0.959660
0.950340
0.940103
0.928965
0.916947
1.000000
0.999400
0.997602
0.994609
0.990428
0.985067
0.978540
0.970858
0.962040
0.952104
0.941071
0.928965
0.915812
0.901640
1.000000
0.999296
0.997186
0.993675
0.988771
0.982489
0.974842
0.965851
0.955539
0.943931
0.931056
0.916947
0.901640
0.885173
1.000000
0.999184
0.996737
0.992666
0.986984
0.979708
0.970858
0.960461
0.948547
0.935150
0.920311
0.904072
0.886480
0.867587
1.000000
0.999063
0.996254
0.991584
0.985067
0.976727
0.966590
0.954691
0.941071
0.925774
0.908852
0.890361
0.870363
0.848925
1.000000
0.998934
0.995739
0.990428
0.983021
0.973546
0.962040
0.948547
0.933118
0.915812
0.896695
0.875840
0.853325
0.829235
1.000000
0.998796
0.995190
0.989198
0.980844
0.970167
0.957210
0.942032
0.924696
0.905277
0.883859
0.860534
0.835400
0.808565
1.000000
0.998651
0.994609
0.987894
0.978540
0.966590
0.952104
0.935150
0.915812
0.894182
0.870363
0.844471
0.816628
0.786966
1.000000
0.998497
0.993994
0.986517
0.976106
0.962818
0.946723
0.927908
0.906476
0.882539
0.856227
0.827679
0.797047
0.764492
1.000000
0.998334
0.993347
0.985067
0.973546
0.958851
0.941071
0.920311
0.896695
0.870363
0.841471
0.810189
0.776699
0.741199
1.000000
0.998164
0.992666
0.983544
0.970858
0.954691
0.935150
0.912363
0.886480
0.857669
0.826117
0.792030
0.755627
0.717142
1.000000
0.997985
0.991953
0.981949
0.968044
0.950340
0.928965
0.904072
0.875840
0.844471
0.810189
0.773236
0.733875
0.692381
1.000000
0.997797
0.991207
0.980280
0.965105
0.945800
0.922518
0.895442
0.864784
0.830785
0.793708
0.753840
0.711488
0.666976
1.000000
0.997602
0.990428
0.978540
0.962040
0.941071
0.915812
0.886480
0.853325
0.816628
0.776699
0.733875
0.688513
0.640988
1.000000
0.997398
0.989616
0.976727
0.958851
0.936156
0.908852
0.877193
0.841471
0.802016
0.759188
0.713377
0.664997
0.614481
1.000000
0.997186
0.988771
0.974842
0.955539
0.931056
0.901640
0.867587
0.829235
0.786966
0.741199
0.692381
0.640988
0.587517
1.000000
0.996965
0.987894
0.972886
0.952104
0.925774
0.894182
0.857669
0.816628
0.771497
0.722758
0.670924
0.616537
0.560161
1.000000
0.996737
0.986984
0.970858
0.948547
0.920311
0.886480
0.847446
0.803661
0.755627
0.703893
0.649043
0.591692
0.532478
1.000000
0.996500
0.986042
0.968760
0.944869
0.914670
0.878539
0.836927
0.790348
0.739374
0.684630
0.626776
0.566505
0.504532
1.000000
0.996254
0.985067
0.966590
0.941071
0.908852
0.870363
0.826117
0.776699
0.722758
0.664997
0.604161
0.541026
0.476390
1.000000
0.996001
0.984060
0.964350
0.937153
0.902859
0.861957
0.815026
0.762729
0.705798
0.645022
0.581236
0.515307
0.448116
1.000000
0.995739
0.983021
0.962040
0.933118
0.896695
0.853325
0.803661
0.748450
0.688513
0.624734
0.558042
0.489399
0.419775
1.000000
0.995469
0.981949
0.959660
0.928965
0.890361
0.844471
0.792030
0.733875
0.670924
0.604161
0.534617
0.463353
0.391434
1.000000
0.995190
0.980844
0.957210
0.924696
0.883859
0.835400
0.780142
0.719018
0.653051
0.583332
0.511001
0.437220
0.363154
1.000000
0.994904
0.979708
0.954691
0.920311
0.877193
0.826117
0.768005
0.703893
0.634915
0.562278
0.487233
0.411052
0.335001
1.000000
0.994609
0.978540
0.952104
0.915812
0.870363
0.816628
0.755627
0.688513
0.616537
0.541026
0.463353
0.384900
0.307036
1.000000
0.994306
0.977339
0.949447
0.911200
0.863374
0.806936
0.743018
0.672892
0.597938
0.519608
0.439400
0.358813
0.279321
1.000000
0.993994
0.976106
0.946723
0.906476
0.856227
0.797047
0.730187
0.657046
0.579138
0.498053
0.415414
0.332842
0.251916
1.000000
0.993675
0.974842
0.943931
0.901640
0.848925
0.786966
0.717142
0.640988
0.560161
0.476390
0.391434
0.307036
0.224880
1.000000
0.993347
0.973546
0.941071
0.896695
0.841471
0.776699
0.703893
0.624734
0.541026
0.454649
0.367498
0.281443
0.198270
1.000000
0.993011
0.972218
0.938144
0.891641
0.833868
0.766251
0.690449
0.608297
0.521757
0.432860
0.343646
0.256110
0.172140
1.000000
0.992666
0.970858
0.935150
0.886480
0.826117
0.755627
0.676819
0.591692
0.502373
0.411052
0.319916
0.231084
0.146546
1.000000
0.992314
0.969467
0.932091
0.881212
0.818223
0.744833
0.663014
0.574936
0.482898
0.389255
0.296344
0.206409
0.121537
1.000000
0.991953
0.968044
0.928965
0.875840
0.810189
0.733875
0.649043
0.558042
0.463353
0.367498
0.272967
0.182130
0.097163
1.000000
0.991584
0.966590
0.925774
0.870363
0.802016
0.722758
0.634915
0.541026
0.443758
0.345810
0.249823
0.158289
0.073471
1.000000
0.991207
0.965105
0.922518
0.864784
0.793708
0.711488
0.620641
0.523904
0.424137
0.324220
0.226946
0.134927
0.050506
1.000000
0.990821
0.963588
0.919197
0.859104
0.785268
0.700071
0.606230
0.506689
0.404511
0.302755
0.204370
0.112084
0.028309
1.000000
0.990428
0.962040
0.915812
0.853325
0.776699
0.688513
0.591692
0.489399
0.384900
0.281443
0.182130
0.089798
0.006920
1.000000
0.990026
0.960461
0.912363
0.847446
0.768005
0.676819
0.577038
0.472047
0.365326
0.260312
0.160258
0.068105
-0.013624
1.000000
0.989616
0.958851
0.908852
0.841471
0.759188
0.664997
0.562278
0.454649
0.345810
0.239389
0.138786
0.047040
-0.033291
1.000000
0.989198
0.957210
0.905277
0.835400
0.750251
0.653051
0.547421
0.437220
0.326374
0.218699
0.117744
0.026635
-0.052048
1.000000
0.988771
0.955539
0.901640
0.829235
0.741199
0.640988
0.532478
0.419775
0.307036
0.198270
0.097163
0.006920
-0.069868
1.000000
0.988337
0.953836
0.897942
0.822977
0.732033
0.628815
0.517458
0.402330
0.287819
0.178125
0.077070
-0.012075
-0.086727
1.000000
0.987894
0.952104
0.894182
0.816628
0.722758
0.616537
0.502373
0.384900
0.268741
0.158289
0.057492
-0.030324
-0.102601
1.000000
0.987443
0.950340
0.890361
0.810189
0.713377
0.604161
0.487233
0.367498
0.249823
0.138786
0.038456
-0.047802
-0.117473
1.000000
0.986984
0.948547
0.886480
0.803661
0.703893
0.591692
0.472047
0.350141
0.231084
0.119639
0.019985
-0.064487
-0.131326
1.000000
0.986517
0.946723
0.882539
0.797047
0.694309
0.579138
0.456825
0.332842
0.212542
0.100869
0.002103
-0.080358
-0.144148
1.000000
0.986042
0.944869
0.878539
0.790348
0.684630
0.566505
0.441579
0.315617
0.194217
0.082500
-0.015169
-0.095398
-0.155930
1.000000
0.985559
0.942985
0.874480
0.783564
0.674858
0.553799
0.426318
0.298479
0.176127
0.064550
-0.031810
-0.109591
-0.166665
1.000000
0.985067
0.941071
0.870363
0.776699
0.664997
0.541026
0.411052
0.281443
0.158289
0.047040
-0.047802
-0.122922
-0.176350
1.000000
0.984568
0.939127
0.866189
0.769754
0.655050
0.528194
0.395791
0.264523
0.140720
0.029988
-0.063127
-0.135382
-0.184985
1.000000
0.984060
0.937153
0.861957
0.762729
0.645022
0.515307
0.380546
0.247732
0.123439
0.013413
-0.077770
-0.146960
-0.192573
1.000000
0.983544
0.935150
0.857669
0.755627
0.634915
0.502373
0.365326
0.231084
0.106459
-0.002669
-0.091717
-0.157650
-0.199119
1.000000
0.983021
0.933118
0.853325
0.748450
0.624734
0.489399
0.350141
0.214592
0.089798
-0.018242
-0.104955
-0.167448
-0.204633
1.000000
0.982489
0.931056
0.848925
0.741199
0.614481
0.476390
0.335001
0.198270
0.073471
-0.033291
-0.117473
-0.176350
-0.209126
1.000000
0.981949
0.928965
0.844471
0.733875
0.604161
0.463353
0.319916
0.182130
0.057492
-0.047802
-0.129262
-0.184358
-0.212614
1.000000
0.981401
0.926845
0.839962
0.726481
0.593777
0.450294
0.304895
0.166185
0.041876
-0.061762
-0.140314
-0.191473
-0.215112
1.000000
0.980844
0.924696
0.835400
0.719018
0.583332
0.437220
0.289947
0.150446
0.026635
-0.075159
-0.150622
-0.197700
-0.216642
1.000000
0.980280
0.922518
0.830785
0.711488
0.572831
0.424137
0.275084
0.134927
0.011782
-0.087983
-0.160183
-0.203046
-0.217226
1.000000
0.979708
0.920311
0.826117
0.703893
0.562278
0.411052
0.260312
0.119639
-0.002669
-0.100224
-0.168994
-0.207518
-0.216889
1.000000
0.979128
0.918076
0.821398
0.696234
0.551675
0.397971
0.245642
0.104592
-0.016708
-0.111873
-0.177052
-0.211128
-0.215658
1.000000
0.978540
0.915812
0.816628
0.688513
0.541026
0.384900
0.231084
0.089798
-0.030324
-0.122922
-0.184358
-0.213888
-0.213563
1.000000
0.977943
0.913520
0.811807
0.680732
0.530336
0.371845
0.216644
0.075268
-0.043506
-0.133366
-0.190914
-0.215814
-0.210636
1.000000
0.977339
0.911200
0.806936
0.672892
0.519608
0.358813
0.202334
0.061012
-0.056245
-0.143199
-0.196724
-0.216921
-0.206911
1.000000
0.976727
0.908852
0.802016
0.664997
0.508846
0.345810
0.188160
0.047040
-0.068531
-0.152416
-0.201792
-0.217229
-0.202422
1.000000
0.976106
0.906476
0.797047
0.657046
0.498053
0.332842
0.174132
0.033361
-0.080358
-0.161015
-0.206124
-0.216757
-0.197208
1.000000
0.975478
0.904072
0.792030
0.649043
0.487233
0.319916
0.160258
0.019985
-0.091717
-0.168994
-0.209728
-0.215527
-0.191307
1.000000
0.974842
0.901640
0.786966
0.640988
0.476390
0.307036
0.146546
0.006920
-0.102601
-0.176350
-0.212614
-0.213563
-0.184760
1.000000
0.974198
0.899181
0.781856
0.632885
0.465527
0.294210
0.133003
-0.005825
-0.113005
-0.183086
-0.214791
-0.210890
-0.177609
1.000000
0.973546
0.896695
0.776699
0.624734
0.454649
0.281443
0.119639
-0.018242
-0.122922
-0.189201
-0.216273
-0.207534
-0.169895
1.000000
0.972886
0.894182
0.771497
0.616537
0.443758
0.268741
0.106459
-0.030324
-0.132349
-0.194698
-0.217072
-0.203524
-0.161663
1.000000
0.972218
0.891641
0.766251
0.608297
0.432860
0.256110
0.093472
-0.042063
-0.141282
-0.199580
-0.217204
-0.198887
-0.152958
1.000000
0.971542
0.889074
0.760961
0.600014
0.421956
0.243556
0.080686
-0.053453
-0.149716
-0.203851
-0.216683
-0.193656
-0.143824
1.000000
0.970858
0.886480
0.755627
0.591692
0.411052
0.231084
0.068105
-0.064487
-0.157650
-0.207518
-0.215527
-0.187860
-0.134307
1.000000
0.970167
0.883859
0.750251
0.583332
0.400150
0.218699
0.055739
-0.075159
-0.165082
-0.210586
-0.213754
-0.181532
-0.124453
1.000000
0.969467
0.881212
0.744833
0.574936
0.389255
0.206409
0.043592
-0.085465
-0.172011
-0.213062
-0.211384
-0.174706
-0.114310
1.000000
0.968760
0.878539
0.739374
0.566505
0.378370
0.194217
0.031672
-0.095398
-0.178436
-0.214955
-0.208436
-0.167415
-0.103922
1.000000
0.968044
0.875840
0.733875
0.558042
0.367498
0.182130
0.019985
-0.104955
-0.184358
-0.216273
-0.204932
-0.159695
-0.093336
1.000000
0.967321
0.873114
0.728336
0.549549
0.356644
0.170152
0.008536
-0.114131
-0.189778
-0.217028
-0.200893
-0.151579
-0.082598
1.000000
0.966590
0.870363
0.722758
0.541026
0.345810
0.158289
-0.002669
-0.122922
-0.194698
-0.217229
-0.196344
-0.143105
-0.071755
1.000000
0.965851
0.867587
0.717142
0.532478
0.335001
0.146546
-0.013624
-0.131326
-0.199119
-0.216889
-0.191307
-0.134307
-0.060849
1.000000
0.965105
0.864784
0.711488
0.523904
0.324220
0.134927
-0.024325
-0.139339
-0.203046
-0.216020
-0.185808
-0.125222
-0.049927
1.000000
0.964350
0.861957
0.705798
0.515307
0.313470
0.123439
-0.034766
-0.146960
-0.206481
-0.214635
-0.179871
-0.115887
-0.039031
1.000000
0.963588
0.859104
0.700071
0.506689
0.302755
0.112084
-0.044943
-0.154186
-0.209430
-0.212750
-0.173522
-0.106338
-0.028203
1.000000
0.962818
0.856227
0.694309
0.498053
0.292078
0.100869
-0.054851
-0.161015
-0.211897
-0.210377
-0.166788
-0.096611
-0.017486
1.000000
0.962040
0.853325
0.688513
0.489399
0.281443
0.089798
-0.064487
-0.167448
-0.213888
-0.207534
-0.159695
-0.086743
-0.006919
1.000000
0.961254
0.850398
0.682683
0.480729
0.270853
0.078876
-0.073845
-0.173482
-0.215410
-0.204236
-0.152270
-0.076770
0.003460
1.000000
0.960461
0.847446
0.676819
0.472047
0.260312
0.068105
-0.082923
-0.179119
-0.216469
-0.200501
-0.144540
-0.066726
0.013612
1.000000
0.959660
0.844471
0.670924
0.463353
0.249823
0.057492
-0.091717
-0.184358
-0.217072
-0.196344
-0.136535
-0.056648
0.023502
1.000000
0.958851
0.841471
0.664997
0.454649
0.239389
0.047040
-0.100224
-0.189201
-0.217229
-0.191785
-0.128280
-0.046569
0.033095
1.000000
0.958035
0.838447
0.659039
0.445937
0.229013
0.036753
-0.108441
-0.193648
-0.216947
-0.186841
-0.119805
-0.036524
0.042361
1.000000
0.957210
0.835400
0.653051
0.437220
0.218699
0.026635
-0.116365
-0.197700
-0.216235
-0.181532
-0.111137
-0.026546
0.051268
1.000000
0.956378
0.832329
0.647034
0.428499
0.208451
0.016689
-0.123994
-0.201361
-0.215104
-0.175877
-0.102305
-0.016667
0.059787
1.000000
0.955539
0.829235
0.640988
0.419775
0.198270
0.006920
-0.131326
-0.204633
-0.213563
-0.169895
-0.093336
-0.006919
0.067892
1.000000
0.954691
0.826117
0.634915
0.411052
0.188160
-0.002669
-0.138359
-0.207518
-0.211623
-0.163607
-0.084258
0.002669
0.075559
1.000000
0.953836
0.822977
0.628815
0.402330
0.178125
-0.012075
-0.145092
-0.210020
-0.209296
-0.157032
-0.075100
0.012066
0.082765
1.000000
0.952974
0.819814
0.622689
0.393612
0.168167
-0.021294
-0.151522
-0.212142
-0.206592
-0.150191
-0.065887
0.021244
0.089491
1.000000
0.952104
0.816628
0.616537
0.384900
0.158289
-0.030324
-0.157650
-0.213888
-0.203524
-0.143105
-0.056648
0.030177
0.095717
1.000000
0.951226
0.813419
0.610361
0.376194
0.148494
-0.039160
-0.163474
-0.215264
-0.200104
-0.135794
-0.047408
0.038838
0.101428
1.000000
0.950340
0.810189
0.604161
0.367498
0.138786
-0.047802
-0.168994
-0.216273
-0.196344
-0.128280
-0.038195
0.047203
0.106611
1.000000
0.949447
0.806936
0.597938
0.358813
0.129166
-0.056245
-0.174209
-0.216921
-0.192258
-0.120584
-0.029033
0.055249
0.111255
1.000000
0.948547
0.803661
0.591692
0.350141
0.119639
-0.064487
-0.179119
-0.217214
-0.187860
-0.112726
-0.019947
0.062955
0.115350
1.000000
0.947639
0.800365
0.585426
0.341483
0.110205
-0.072525
-0.183725
-0.217157
-0.183162
-0.104728
-0.010963
0.070299
0.118889
1.000000
0.946723
0.797047
0.579138
0.332842
0.100869
-0.080358
-0.188027
-0.216757
-0.178179
-0.096611
-0.002103
0.077264
0.121869
1.000000
0.945800
0.793708
0.572831
0.324220
0.091633
-0.087983
-0.192026
-0.216020
-0.172926
-0.088396
0.006609
0.083832
0.124287
1.000000
0.944869
0.790348
0.566505
0.315617
0.082500
-0.095398
-0.195723
-0.214953
-0.167415
-0.080104
0.015151
0.089988
0.126142
1.000000
0.943931
0.786966
0.560161
0.307036
0.073471
-0.102601
-0.199119
-0.213563
-0.161663
-0.071755
0.023502
0.095717
0.127438
1.000000
0.942985
0.783564
0.553799
0.298479
0.064550
-0.109591
-0.202216
-0.211858
-0.155684
-0.063369
0.031640
0.101008
0.128178
1.000000
0.942032
0.780142
0.547421
0.289947
0.055739
-0.116365
-0.205015
-0.209846
-0.149493
-0.054967
0.039547
0.105849
0.128368
1.000000
0.941071
0.776699
0.541026
0.281443
0.047040
-0.122922
-0.207518
-0.207534
-0.143105
-0.046569
0.047203
0.110232
0.128018
1.000000
0.940103
0.773236
0.534617
0.272967
0.038456
-0.129262
-0.209728
-0.204932
-0.136535
-0.038195
0.054592
0.114149
0.127138
1.000000
0.939127
0.769754
0.528194
0.264523
0.029988
-0.135382
-0.211647
-0.202046
-0.129798
-0.029863
0.061695
0.117594
0.125739
1.000000
0.938144
0.766251
0.521757
0.256110
0.021640
-0.141282
-0.213277
-0.198887
-0.122911
-0.021592
0.068498
0.120563
0.123837
1.000000
0.937153
0.762729
0.515307
0.247732
0.013413
-0.146960
-0.214622
-0.195464
-0.115887
-0.013402
0.074986
0.123055
0.121446
1.000000
0.936156
0.759188
0.508846
0.239389
0.005309
-0.152416
-0.215685
-0.191785
-0.108744
-0.005309
0.081144
0.125067
0.118584
1.000000
0.935150
0.755627
0.502373
0.231084
-0.002669
-0.157650
-0.216469
-0.187860
-0.101495
0.002669
0.086962
0.126600
0.115272
1.000000
0.934138
0.752048
0.495891
0.222817
-0.010520
-0.162661
-0.216977
-0.183699
-0.094156
0.010514
0.092427
0.127658
0.111528
1.000000
0.933118
0.748450
0.489399
0.214592
-0.018242
-0.167448
-0.217214
-0.179311
-0.086743
0.018211
0.097530
0.128243
0.107376
1.000000
0.932091
0.744833
0.482898
0.206409
-0.025833
-0.172011
-0.217183
-0.174706
-0.079271
0.025743
0.102260
0.128361
0.102837
1.000000
0.931056
0.741199
0.476390
0.198270
-0.033291
-0.176350
-0.216889
-0.169895
-0.071755
0.033095
0.106611
0.128018
0.097938
1.000000
0.930014
0.737546
0.469874
0.190176
-0.040614
-0.180466
-0.216335
-0.164888
-0.064209
0.040253
0.110576
0.127224
0.092703
1.000000
0.928965
0.733875
0.463353
0.182130
-0.047802
-0.184358
-0.215527
-0.159695
-0.056648
0.047203
0.114149
0.125988
0.087159
1.000000
0.927908
0.730187
0.456825
0.174132
-0.054851
-0.188027
-0.214469
-0.154326
-0.049087
0.053931
0.117325
0.124320
0.081333
1.000000
0.926845
0.726481
0.450294
0.166185
-0.061762
-0.191473
-0.213166
-0.148792
-0.041540
0.060425
0.120102
0.122232
0.075253
1.000000
0.925774
0.722758
0.443758
0.158289
-0.068531
-0.194698
-0.211623
-0.143105
-0.034022
0.066673
0.122477
0.119739
0.068947
1.000000
0.924696
0.719018
0.437220
0.150446
-0.075159
-0.197700
-0.209846
-0.137273
-0.026546
0.072664
0.124449
0.116855
0.062445
1.000000
0.923610
0.715261
0.430679
0.142659
-0.081643
-0.200483
-0.207839
-0.131309
-0.019126
0.078387
0.126019
0.113596
0.055776
1.000000
0.922518
0.711488
0.424137
0.134927
-0.087983
-0.203046
-0.205609
-0.125222
-0.011775
0.083832
0.127188
0.109978
0.048970
1.000000
0.921418
0.707698
0.417595
0.127253
-0.094177
-0.205390
-0.203161
-0.119024
-0.004505
0.088991
0.127958
0.106019
0.042057
1.000000
0.920311
0.703893
0.411052
0.119639
-0.100224
-0.207518
-0.200501
-0.112726
0.002669
0.093855
0.128334
0.101738
0.035066
1.000000
0.919197
0.700071
0.404511
0.112084
-0.106123
-0.209430
-0.197634
-0.106338
0.009736
0.098418
0.128318
0.097154
0.028027
1.000000
0.918076
0.696234
0.397971
0.104592
-0.111873
-0.211128
-0.194568
-0.099871
0.016684
0.102672
0.127917
0.092287
0.020970
1.000000
0.916947
0.692381
0.391434
0.097163
-0.117473
-0.212614
-0.191307
-0.093336
0.023502
0.106611
0.127138
0.087159
0.013923
1.000000
0.915812
0.688513
0.384900
0.089798
-0.122922
-0.213888
-0.187860
-0.086743
0.030177
0.110232
0.125988
0.081790
0.006916
1.000000
0.914670
0.684630
0.378370
0.082500
-0.128220
-0.214955
-0.184231
-0.080104
0.036700
0.113528
0.124475
0.076203
-0.000024
1.000000
0.913520
0.680732
0.371845
0.075268
-0.133366
-0.215814
-0.180428
-0.073428
0.043059
0.116498
0.122609
0.070421
-0.006868
1.000000
0.912363
0.676819
0.365326
0.068105
-0.138359
-0.216469
-0.176458
-0.066726
0.049246
0.119138
0.120400
0.064465
-0.013590
1.000000
0.911200
0.672892
0.358813
0.061012
-0.143199
-0.216921
-0.172326
-0.060009
0.055249
0.121447
0.117859
0.058359
-0.020165
1.000000
0.910029
0.668952
0.352308
0.053990
-0.147885
-0.217174
-0.168040
-0.053287
0.061061
0.123423
0.114999
0.052127
-0.026566
1.000000
0.908852
0.664997
0.345810
0.047040
-0.152416
-0.217229
-0.163607
-0.046569
0.066673
0.125067
0.111831
0.045791
-0.032771
1.000000
0.907667
0.661028
0.339322
0.040163
-0.156793
-0.217089
-0.159033
-0.039867
0.072077
0.126378
0.108369
0.039375
-0.038756
1.000000
0.906476
0.657046
0.332842
0.033361
-0.161015
-0.216757
-0.154326
-0.033189
0.077264
0.127358
0.104627
0.032904
-0.044500
1.000000
0.905277
0.653051
0.326374
0.026635
-0.165082
-0.216235
-0.149493
-0.026546
0.082228
0.128009
0.100620
0.026399
-0.049982
1.000000
0.904072
0.649043
0.319916
0.019985
-0.168994
-0.215527
-0.144540
-0.019947
0.086962
0.128334
0.096362
0.019884
-0.055183
1.000000
0.902859
0.645022
0.313470
0.013413
-0.172750
-0.214635
-0.139476
-0.013402
0.091460
0.128335
0.091870
0.013382
-0.060086
1.000000
0.901640
0.640988
0.307036
0.006920
-0.176350
-0.213563
-0.134307
-0.006919
0.095717
0.128018
0.087159
0.006916
-0.064673
1.000000
0.900414
0.636942
0.300616
0.000507
-0.179796
-0.212314
-0.129040
-0.000507
0.099727
0.127388
0.082246
0.000507
-0.068931
1.000000
0.899181
0.632885
0.294210
-0.005825
-0.183086
-0.210890
-0.123683
0.005824
0.103485
0.126448
0.077149
-0.005822
-0.072845
1.000000
0.897942
0.628815
0.287819
-0.012075
-0.186221
-0.209296
-0.118242
0.012066
0.106988
0.125207
0.071883
-0.012051
-0.076404
1.000000
0.896695
0.624734
0.281443
-0.018242
-0.189201
-0.207534
-0.112726
0.018211
0.110232
0.123670
0.066468
-0.018159
-0.079599
1.000000
0.895442
0.620641
0.275084
-0.024325
-0.192026
-0.205609
-0.107141
0.024250
0.113213
0.121845
0.060920
-0.024126
-0.082419
1.000000
0.894182
0.616537
0.268741
-0.030324
-0.194698
-0.203524
-0.101495
0.030177
0.115931
0.119739
0.055257
-0.029933
-0.084859
1.000000
0.892915
0.612422
0.262416
-0.036236
-0.197215
-0.201282
-0.095794
0.035983
0.118381
0.117363
0.049498
-0.035562
-0.086912
1.000000
0.891641
0.608297
0.256110
-0.042063
-0.199580
-0.198887
-0.090046
0.041661
0.120563
0.114723
0.043660
-0.040995
-0.088576
1.000000
0.890361
0.604161
0.249823
-0.047802
-0.201792
-0.196344
-0.084258
0.047203
0.122477
0.111831
0.037762
-0.046216
-0.089848
1.000000
0.889074
0.600014
0.243556
-0.053453
-0.203851
-0.193656
-0.078438
0.052604
0.124121
0.108695
0.031821
-0.051208
-0.090727
1.000000
0.887780
0.595858
0.237309
-0.059014
-0.205760
-0.190826
-0.072591
0.057857
0.125495
0.105327
0.025856
-0.055957
-0.091215
1.000000
0.886480
0.591692
0.231084
-0.064487
-0.207518
-0.187860
-0.066726
0.062955
0.126600
0.101738
0.019884
-0.060450
-0.091314
1.000000
0.885173
0.587517
0.224880
-0.069868
-0.209126
-0.184760
-0.060849
0.067892
0.127438
0.097938
0.013923
-0.064673
-0.091028
1.000000
0.883859
0.583332
0.218699
-0.075159
-0.210586
-0.181532
-0.054967
0.072664
0.128009
0.093940
0.007990
-0.068615
-0.090364
1.000000
0.882539
0.579138
0.212542
-0.080358
-0.211897
-0.178179
-0.049087
0.077264
0.128316
0.089755
0.002103
-0.072266
-0.089328
1.000000
0.881212
0.574936
0.206409
-0.085465
-0.213062
-0.174706
-0.043216
0.081688
0.128361
0.085395
-0.003722
-0.075615
-0.087929
1.000000
0.879879
0.570725
0.200300
-0.090478
-0.214081
-0.171117
-0.037359
0.085930
0.128147
0.080874
-0.009469
-0.078655
-0.086176
1.000000
0.878539
0.566505
0.194217
-0.095398
-0.214955
-0.167415
-0.031525
0.089988
0.127677
0.076203
-0.015121
-0.081379
-0.084083
1.000000
0.877193
0.562278
0.188160
-0.100224
-0.215685
-0.163607
-0.025719
0.093855
0.126956
0.071397
-0.020664
-0.083781
-0.081660
1.000000
0.875840
0.558042
0.182130
-0.104955
-0.216273
-0.159695
-0.019947
0.097530
0.125988
0.066468
-0.026081
-0.085855
-0.078921
1.000000
0.874480
0.553799
0.176127
-0.109591
-0.216720
-0.155684
-0.014216
0.101008
0.124776
0.061429
-0.031358
-0.087599
-0.075882
1.000000
0.873114
0.549549
0.170152
-0.114131
-0.217028
-0.151579
-0.008533
0.104286
0.123328
0.056294
-0.036482
-0.089009
-0.072559
1.000000
0.871742
0.545291
0.164206
-0.118575
-0.217197
-0.147384
-0.002903
0.107361
0.121647
0.051077
-0.041439
-0.090086
-0.068968
1.000000
0.870363
0.541026
0.158289
-0.122922
-0.217229
-0.143105
0.002669
0.110232
0.119739
0.045791
-0.046216
-0.090827
-0.065127
1.000000
0.868978
0.536755
0.152402
-0.127173
-0.217126
-0.138744
0.008175
0.112895
0.117612
0.040449
-0.050801
-0.091236
-0.061055
1.000000
0.867587
0.532478
0.146546
-0.131326
-0.216889
-0.134307
0.013612
0.115350
0.115272
0.035066
-0.055183
-0.091314
-0.056771
1.000000
0.866189
0.528194
0.140720
-0.135382
-0.216520
-0.129798
0.018972
0.117594
0.112725
0.029654
-0.059352
-0.091064
-0.052296
1.000000
0.864784
0.523904
0.134927
-0.139339
-0.216020
-0.125222
0.024250
0.119627
0.109978
0.024227
-0.063296
-0.090490
-0.047650
1.000000
0.863374
0.519608
0.129166
-0.143199
-0.215391
-0.120584
0.029443
0.121447
0.107040
0.018799
-0.067007
-0.089599
-0.042853
1.000000
0.861957
0.515307
0.123439
-0.146960
-0.214635
-0.115887
0.034543
0.123055
0.103918
0.013382
-0.070477
-0.088397
-0.037929
1.000000
0.860534
0.511001
0.117744
-0.150622
-0.213754
-0.111137
0.039547
0.124449
0.100620
0.007990
-0.073698
-0.086891
-0.032897
1.000000
0.859104
0.506689
0.112084
-0.154186
-0.212750
-0.106338
0.044449
0.125631
0.097154
0.002636
-0.076663
-0.085091
-0.027781
1.000000
0.857669
0.502373
0.106459
-0.157650
-0.211623
-0.101495
0.049246
0.126600
0.093529
-0.002669
-0.079366
-0.083004
-0.022603
1.000000
0.856227
0.498053
0.100869
-0.161015
-0.210377
-0.096611
0.053931
0.127358
0.089755
-0.007911
-0.081802
-0.080643
-0.017384
1.000000
0.854779
0.493728
0.095316
-0.164281
-0.209014
-0.091693
0.058502
0.127905
0.085838
-0.013078
-0.083966
-0.078017
-0.012146
1.000000
0.853325
0.489399
0.089798
-0.167448
-0.207534
-0.086743
0.062955
0.128243
0.081790
-0.018159
-0.085855
-0.075140
-0.006912
1.000000
0.851864
0.485066
0.084318
-0.170515
-0.205941
-0.081768
0.067284
0.128373
0.077619
-0.023142
-0.087466
-0.072023
-0.001703
1.000000
0.850398
0.480729
0.078876
-0.173482
-0.204236
-0.076770
0.071487
0.128297
0.073335
-0.028017
-0.088797
-0.068681
0.003459
1.000000
0.848925
0.476390
0.073471
-0.176350
-0.202422
-0.071755
0.075559
0.128018
0.068947
-0.032771
-0.089848
-0.065127
0.008554
1.000000
0.847446
0.472047
0.068105
-0.179119
-0.200501
-0.066726
0.079498
0.127539
0.064465
-0.037396
-0.090617
-0.061376
0.013560
1.000000
0.845962
0.467701
0.062779
-0.181788
-0.198474
-0.061689
0.083300
0.126861
0.059898
-0.041881
-0.091106
-0.057443
0.018459
1.000000
0.844471
0.463353
0.057492
-0.184358
-0.196344
-0.056648
0.086962
0.125988
0.055257
-0.046216
-0.091316
-0.053345
0.023231
1.000000
0.842974
0.459002
0.052246
-0.186829
-0.194114
-0.051606
0.090481
0.124923
0.050551
-0.050392
-0.091249
-0.049096
0.027858
1.000000
0.841471
0.454649
0.047040
-0.189201
-0.191785
-0.046569
0.093855
0.123670
0.045791
-0.054402
-0.090908
-0.044714
0.032321
1.000000
0.839962
0.450294
0.041876
-0.191473
-0.189360
-0.041540
0.097081
0.122232
0.040986
-0.058237
-0.090297
-0.040216
0.036603
1.000000
0.838447
0.445937
0.036753
-0.193648
-0.186841
-0.036524
0.100157
0.120615
0.036145
-0.061888
-0.089420
-0.035618
0.040690
1.000000
0.836927
0.441579
0.031672
-0.195723
-0.184231
-0.031525
0.103080
0.118821
0.031280
-0.065350
-0.088283
-0.030938
0.044565
1.000000
0.835400
0.437220
0.026635
-0.197700
-0.181532
-0.026546
0.105849
0.116855
0.026399
-0.068615
-0.086891
-0.026193
0.048215
1.000000
0.833868
0.432860
0.021640
-0.199580
-0.178747
-0.021592
0.108462
0.114723
0.021512
-0.071678
-0.085252
-0.021401
0.051627
1.000000
0.832329
0.428499
0.016689
-0.201361
-0.175877
-0.016667
0.110917
0.112429
0.016630
-0.074533
-0.083371
-0.016578
0.054788
1.000000
0.830785
0.424137
0.011782
-0.203046
-0.172926
-0.011775
0.113213
0.109978
0.011761
-0.077174
-0.081258
-0.011743
0.057689
1.000000
0.829235
0.419775
0.006920
-0.204633
-0.169895
-0.006919
0.115350
0.107376
0.006916
-0.079599
-0.078921
-0.006912
0.060320
1.000000
0.827679
0.415414
0.002103
-0.206124
-0.166788
-0.002103
0.117325
0.104627
0.002103
-0.081802
-0.076369
-0.002103
0.062671
1.000000
0.826117
0.411052
-0.002669
-0.207518
-0.163607
0.002669
0.119138
0.101738
-0.002669
-0.083781
-0.073611
0.002668
0.064737
1.000000
0.824550
0.406691
-0.007395
-0.208817
-0.160354
0.007393
0.120789
0.098714
-0.007390
-0.085532
-0.070657
0.007385
0.066511
1.000000
0.822977
0.402330
-0.012075
-0.210020
-0.157032
0.012066
0.122277
0.095562
-0.012051
-0.087054
-0.067519
0.012030
0.067989
1.000000
0.821398
0.397971
-0.016708
-0.211128
-0.153643
0.016684
0.123603
0.092287
-0.016644
-0.088346
-0.064207
0.016589
0.069167
1.000000
0.819814
0.393612
-0.021294
-0.212142
-0.150191
0.021244
0.124765
0.088896
-0.021161
-0.089405
-0.060733
0.021046
0.070044
1.000000
0.818223
0.389255
-0.025833
-0.213062
-0.146677
0.025743
0.125764
0.085395
-0.025594
-0.090232
-0.057108
0.025386
0.070618
1.000000
0.816628
0.384900
-0.030324
-0.213888
-0.143105
0.030177
0.126600
0.081790
-0.029933
-0.090827
-0.053345
0.029594
0.070889
1.000000
0.815026
0.380546
-0.034766
-0.214622
-0.139476
0.034543
0.127275
0.078089
-0.034173
-0.091191
-0.049456
0.033658
0.070860
1.000000
0.813419
0.376194
-0.039160
-0.215264
-0.135794
0.038838
0.127788
0.074296
-0.038304
-0.091324
-0.045453
0.037564
0.070534
1.000000
0.811807
0.371845
-0.043506
-0.215814
-0.132061
0.043059
0.128140
0.070421
-0.042321
-0.091229
-0.041351
0.041300
0.069913
1.000000
0.810189
0.367498
-0.047802
-0.216273
-0.128280
0.047203
0.128334
0.066468
-0.046216
-0.090908
-0.037161
0.044854
0.069005
1.000000
0.808565
0.363154
-0.052048
-0.216642
-0.124453
0.051268
0.128368
0.062445
-0.049982
-0.090364
-0.032897
0.048215
0.067815
1.000000
0.806936
0.358813
-0.056245
-0.216921
-0.120584
0.055249
0.128247
0.058359
-0.053614
-0.089599
-0.028573
0.051373
0.066350
1.000000
0.805301
0.354475
-0.060391
-0.217112
-0.116674
0.059146
0.127969
0.054217
-0.057105
-0.088619
-0.024201
0.054319
0.064619
1.000000
0.803661
0.350141
-0.064487
-0.217214
-0.112726
0.062955
0.127539
0.050025
-0.060450
-0.087427
-0.019796
0.057043
0.062633
1.000000
0.802016
0.345810
-0.068531
-0.217229
-0.108744
0.066673
0.126956
0.045791
-0.063643
-0.086027
-0.015370
0.059540
0.060400
1.000000
0.800365
0.341483
-0.072525
-0.217157
-0.104728
0.070299
0.126224
0.041521
-0.066680
-0.084426
-0.010937
0.061800
0.057933
1.000000
0.798709
0.337161
-0.076468
-0.217000
-0.100684
0.073830
0.125344
0.037223
-0.069556
-0.082630
-0.006510
0.063820
0.055245
1.000000
0.797047
0.332842
-0.080358
-0.216757
-0.096611
0.077264
0.124320
0.032904
-0.072266
-0.080643
-0.002103
0.065593
0.052347
1.000000
0.795380
0.328529
-0.084197
-0.216430
-0.092515
0.080598
0.123152
0.028569
-0.074806
-0.078473
0.002273
0.067115
0.049255
1.000000
0.793708
0.324220
-0.087983
-0.216020
-0.088396
0.083832
0.121845
0.024227
-0.077174
-0.076126
0.006603
0.068384
0.045983
1.000000
0.792030
0.319916
-0.091717
-0.215527
-0.084258
0.086962
0.120400
0.019884
-0.079366
-0.073611
0.010876
0.069396
0.042545
1.000000
0.790348
0.315617
-0.095398
-0.214953
-0.080104
0.089988
0.118821
0.015547
-0.081379
-0.070933
0.015080
0.070152
0.038959
1.000000
0.788660
0.311324
-0.099026
-0.214298
-0.075935
0.092906
0.117110
0.011222
-0.083211
-0.068103
0.019202
0.070649
0.035239
1.000000
0.786966
0.307036
-0.102601
-0.213563
-0.071755
0.095717
0.115272
0.006916
-0.084859
-0.065127
0.023231
0.070889
0.031403
1.000000
0.785268
0.302755
-0.106123
-0.212750
-0.067565
0.098418
0.113308
0.002636
-0.086322
-0.062014
0.027156
0.070873
0.027467
1.000000
0.783564
0.298479
-0.109591
-0.211858
-0.063369
0.101008
0.111223
-0.001612
-0.087599
-0.058773
0.030966
0.070603
0.023450
1.000000
0.781856
0.294210
-0.113005
-0.210890
-0.059169
0.103485
0.109020
-0.005822
-0.088688
-0.055414
0.034650
0.070082
0.019367
1.000000
0.780142
0.289947
-0.116365
-0.209846
-0.054967
0.105849
0.106702
-0.009987
-0.089589
-0.051944
0.038199
0.069315
0.015237
1.000000
0.778423
0.285692
-0.119671
-0.208727
-0.050767
0.108098
0.104273
-0.014101
-0.090302
-0.048375
0.041603
0.068305
0.011078
1.000000
0.776699
0.281443
-0.122922
-0.207534
-0.046569
0.110232
0.101738
-0.018159
-0.090827
-0.044714
0.044854
0.067060
0.006907
1.000000
0.774970
0.277201
-0.126119
-0.206269
-0.042378
0.112249
0.099099
-0.022154
-0.091165
-0.040973
0.047943
0.065584
0.002742
1.000000
0.773236
0.272967
-0.129262
-0.204932
-0.038195
0.114149
0.096362
-0.026081
-0.091316
-0.037161
0.050861
0.063885
-0.001401
1.000000
0.771497
0.268741
-0.132349
-0.203524
-0.034022
0.115931
0.093529
-0.029933
-0.091282
-0.033288
0.053603
0.061971
-0.005503
1.000000
0.769754
0.264523
-0.135382
-0.202046
-0.029863
0.117594
0.090606
-0.033707
-0.091064
-0.029363
0.056160
0.059851
-0.009549
1.000000
0.768005
0.260312
-0.138359
-0.200501
-0.025719
0.119138
0.087596
-0.037396
-0.090664
-0.025397
0.058528
0.057534
-0.013522
1.000000
0.766251
0.256110
-0.141282
-0.198887
-0.021592
0.120563
0.084503
-0.040995
-0.090084
-0.021401
0.060700
0.055029
-0.017405
1.000000
0.764492
0.251916
-0.144148
-0.197208
-0.017486
0.121869
0.081333
-0.044500
-0.089328
-0.017384
0.062671
0.052347
-0.021184
1.000000
0.762729
0.247732
-0.146960
-0.195464
-0.013402
0.123055
0.078089
-0.047906
-0.088397
-0.013355
0.064438
0.049500
-0.024843
1.000000
0.760961
0.243556
-0.149716
-0.193656
-0.009342
0.124121
0.074775
-0.051208
-0.087296
-0.009326
0.065997
0.046497
-0.028369
1.000000
0.759188
0.239389
-0.152416
-0.191785
-0.005309
0.125067
0.071397
-0.054402
-0.086027
-0.005306
0.067344
0.043353
-0.031747
1.000000
0.757410
0.235231
-0.155061
-0.189853
-0.001304
0.125893
0.067959
-0.057484
-0.084595
-0.001304
0.068478
0.040077
-0.034964
1.000000
0.755627
0.231084
-0.157650
-0.187860
0.002669
0.126600
0.064465
-0.060450
-0.083004
0.002668
0.069396
0.036684
-0.038009
1.000000
0.753840
0.226946
-0.160183
-0.185808
0.006609
0.127188
0.060920
-0.063296
-0.081258
0.006603
0.070099
0.033187
-0.040869
1.000000
0.752048
0.222817
-0.162661
-0.183699
0.010514
0.127658
0.057328
-0.066019
-0.079362
0.010491
0.070584
0.029598
-0.043536
1.000000
0.750251
0.218699
-0.165082
-0.181532
0.014382
0.128009
0.053695
-0.068615
-0.077321
0.014322
0.070853
0.025931
-0.045998
1.000000
0.748450
0.214592
-0.167448
-0.179311
0.018211
0.128243
0.050025
-0.071082
-0.075140
0.018087
0.070907
0.022199
-0.048247
1.000000
0.746644
0.210495
-0.169757
-0.177035
0.021998
0.128360
0.046322
-0.073416
-0.072824
0.021778
0.070746
0.018418
-0.050276
1.000000
0.744833
0.206409
-0.172011
-0.174706
0.025743
0.128361
0.042592
-0.075615
-0.070379
0.025386
0.070374
0.014599
-0.052078
1.000000
0.743018
0.202334
-0.174209
-0.172326
0.029443
0.128247
0.038838
-0.077677
-0.067812
0.028903
0.069792
0.010758
-0.053647
1.000000
0.741199
0.198270
-0.176350
-0.169895
0.033095
0.128018
0.035066
-0.079599
-0.065127
0.032321
0.069005
0.006907
-0.054978
1.000000
0.739374
0.194217
-0.178436
-0.167415
0.036700
0.127677
0.031280
-0.081379
-0.062331
0.035632
0.068016
0.003062
-0.056067
1.000000
0.737546
0.190176
-0.180466
-0.164888
0.040253
0.127224
0.027484
-0.083016
-0.059431
0.038829
0.066829
-0.000766
-0.056912
1.000000
0.735713
0.186147
-0.182440
-0.162314
0.043755
0.126661
0.023684
-0.084509
-0.056433
0.041905
0.065451
-0.004561
-0.057512
1.000000
0.733875
0.182130
-0.184358
-0.159695
0.047203
0.125988
0.019884
-0.085855
-0.053345
0.044854
0.063885
-0.008311
-0.057865
1.000000
0.732033
0.178125
-0.186221
-0.157032
0.050596
0.125207
0.016088
-0.087054
-0.050171
0.047669
0.062139
-0.012004
-0.057971
1.000000
0.730187
0.174132
-0.188027
-0.154326
0.053931
0.124320
0.012301
-0.088106
-0.046921
0.050344
0.060218
-0.015625
-0.057833
1.000000
0.728336
0.170152
-0.189778
-0.151579
0.057208
0.123328
0.008528
-0.089009
-0.043600
0.052873
0.058131
-0.019163
-0.057453
1.000000
0.726481
0.166185
-0.191473
-0.148792
0.060425
0.122232
0.004772
-0.089764
-0.040216
0.055252
0.055884
-0.022607
-0.056834
1.000000
0.724622
0.162230
-0.193113
-0.145967
0.063581
0.121036
0.001039
-0.090370
-0.036776
0.057476
0.053486
-0.025943
-0.055980
1.000000
0.722758
0.158289
-0.194698
-0.143105
0.066673
0.119739
-0.002669
-0.090827
-0.033288
0.059540
0.050944
-0.029162
-0.054897
1.000000
0.720890
0.154361
-0.196227
-0.140206
0.069701
0.118345
-0.006345
-0.091137
-0.029758
0.061440
0.048267
-0.032252
-0.053591
1.000000
0.719018
0.150446
-0.197700
-0.137273
0.072664
0.116855
-0.009987
-0.091299
-0.026193
0.063174
0.045464
-0.035204
-0.052069
1.000000
0.717142
0.146546
-0.199119
-0.134307
0.075559
0.115272
-0.013590
-0.091314
-0.022603
0.064737
0.042545
-0.038009
-0.050339
1.000000
0.715261
0.142659
-0.200483
-0.131309
0.078387
0.113596
-0.017150
-0.091183
-0.018992
0.066128
0.039520
-0.040656
-0.048410
1.000000
0.713377
0.138786
-0.201792
-0.128280
0.081144
0.111831
-0.020664
-0.090908
-0.015370
0.067344
0.036397
-0.043139
-0.046291
1.000000
0.711488
0.134927
-0.203046
-0.125222
0.083832
0.109978
-0.024126
-0.090490
-0.011743
0.068384
0.033187
-0.045448
-0.043993
1.000000
0.709595
0.131083
-0.204245
-0.122137
0.086448
0.108040
-0.027534
-0.089931
-0.008118
0.069245
0.029900
-0.047578
-0.041526
1.000000
0.707698
0.127253
-0.205390
-0.119024
0.088991
0.106019
-0.030884
-0.089233
-0.004504
0.069929
0.026547
-0.049523
-0.038902
1.000000
0.705798
0.123439
-0.206481
-0.115887
0.091460
0.103918
-0.034173
-0.088397
-0.000906
0.070433
0.023138
-0.051275
-0.036134
1.000000
0.703893
0.119639
-0.207518
-0.112726
0.093855
0.101738
-0.037396
-0.087427
0.002668
0.070758
0.019683
-0.052831
-0.033233
1.000000
0.701984
0.115854
-0.208501
-0.109543
0.096175
0.099483
-0.040550
-0.086324
0.006212
0.070904
0.016194
-0.054187
-0.030212
1.000000
0.700071
0.112084
-0.209430
-0.106338
0.098418
0.097154
-0.043633
-0.085091
0.009717
0.070873
0.012680
-0.055339
-0.027086
1.000000
0.698154
0.108330
-0.210306
-0.103114
0.100584
0.094755
-0.046641
-0.083731
0.013179
0.070666
0.009154
-0.056284
-0.023869
1.000000
0.696234
0.104592
-0.211128
-0.099871
0.102672
0.092287
-0.049570
-0.082247
0.016589
0.070284
0.005624
-0.057021
-0.020573
1.000000
0.694309
0.100869
-0.211897
-0.096611
0.104681
0.089755
-0.052419
-0.080643
0.019942
0.069729
0.002103
-0.057548
-0.017214
1.000000
0.692381
0.097163
-0.212614
-0.093336
0.106611
0.087159
-0.055183
-0.078921
0.023231
0.069005
-0.001401
-0.057865
-0.013806
1.000000
0.690449
0.093472
-0.213277
-0.090046
0.108462
0.084503
-0.057861
-0.077086
0.026451
0.068114
-0.004876
-0.057972
-0.010363
1.000000
0.688513
0.089798
-0.213888
-0.086743
0.110232
0.081790
-0.060450
-0.075140
0.029594
0.067060
-0.008311
-0.057870
-0.006901
1.000000
0.686573
0.086141
-0.214448
-0.083429
0.111921
0.079023
-0.062947
-0.073088
0.032657
0.065845
-0.011699
-0.057562
-0.003434
1.000000
0.684630
0.082500
-0.214955
-0.080104
0.113528
0.076203
-0.065350
-0.070933
0.035632
0.064476
-0.015027
-0.057049
0.000024
1.000000
0.682683
0.078876
-0.215410
-0.076770
0.115054
0.073335
-0.067657
-0.068681
0.038515
0.062954
-0.018287
-0.056336
0.003457
1.000000
0.680732
0.075268
-0.215814
-0.073428
0.116498
0.070421
-0.069865
-0.066334
0.041300
0.061287
-0.021470
-0.055425
0.006853
1.000000
0.678777
0.071678
-0.216167
-0.070080
0.117860
0.067463
-0.071973
-0.063898
0.043983
0.059478
-0.024567
-0.054321
0.010197
1.000000
0.676819
0.068105
-0.216469
-0.066726
0.119138
0.064465
-0.073979
-0.061376
0.046559
0.057534
-0.027568
-0.053031
0.013475
1.000000
0.674858
0.064550
-0.216720
-0.063369
0.120334
0.061429
-0.075880
-0.058773
0.049024
0.055459
-0.030466
-0.051558
0.016674
1.000000
0.672892
0.061012
-0.216921
-0.060009
0.121447
0.058359
-0.077677
-0.056095
0.051373
0.053260
-0.033252
-0.049911
0.019782
1.000000
0.670924
0.057492
-0.217072
-0.056648
0.122477
0.055257
-0.079366
-0.053345
0.053603
0.050944
-0.035920
-0.048096
0.022785
1.000000
0.668952
0.053990
-0.217174
-0.053287
0.123423
0.052127
-0.080947
-0.050528
0.055709
0.048516
-0.038461
-0.046121
0.025672
1.000000
0.666976
0.050506
-0.217226
-0.049927
0.124287
0.048970
-0.082419
-0.047650
0.057689
0.045983
-0.040869
-0.043993
0.028432
1.000000
0.664997
0.047040
-0.217229
-0.046569
0.125067
0.045791
-0.083781
-0.044714
0.059540
0.043353
-0.043139
-0.041722
0.031053
