 10572.187044
 10570.007963
 10563.473931
 10552.594561
 10537.385859
 10517.870174
 10494.076159
 10466.038696
 10433.798824
 10397.403638
 10356.906188
 10312.365354
 10263.845714
 10211.417398
 10155.155928
 10095.142051
 10031.461549
 9964.205059
 9893.467858
 9819.349658
 9741.954382
 9661.389935
 9577.767965
 9491.203619
 9401.815290
 9309.724363
 9215.054949
 9117.933621
 9018.489141
 8916.852191
 8813.155092
 8707.531534
 8600.116291
 8491.044949
 8380.453629
 8268.478708
 8155.256549
 8040.923233
 7925.614286
 7809.464423
 7692.607288
 7575.175202
 7457.298920
 7339.107388
 7220.727513
 7102.283943
 6983.898847
 6865.691708
 6747.779132
 6630.274653
 6513.288560
 6396.927729
 6281.295467
 6166.491364
 6052.611164
 5939.746639
 5827.985477
 5717.411188
 5608.103011
 5500.135842
 5393.580172
 5288.502031
 5184.962953
 5083.019947
 4982.725482
 4884.127479
 4787.269323
 4692.189882
 4598.923530
 4507.500193
 4417.945397
 4330.280331
 4244.521911
 4160.682869
 4078.771833
 3998.793429
 3920.748385
 3844.633643
 3770.442480
 3698.164636
 3627.786443
 3559.290968
 3492.658155
 3427.864974
 3364.885572
 3303.691432
 3244.251533
 3186.532507
 3130.498809
 3076.112879
 3023.335311
 2972.125019
 2922.439402
 2874.234517
 2827.465235
 2782.085418
 2738.048067
 2695.305496
 2653.809479
 2613.511408
 2574.362447
 2536.313672
 2499.316219
 2463.321421
 2428.280938
 2394.146890
 2360.871975
 2328.409590
 2296.713938
 2265.740137
 2235.444317
 2205.783713
 2176.716751
 2148.203128
 2120.203883
 2092.681469
 2065.599804
 2038.924334
 2012.622071
 1986.661637
 1961.013297
 1935.648984
 1910.542322
 1885.668638
 1861.004971
 1836.530074
 1812.224411
 1788.070145
 1764.051129
 1740.152881
 1716.362560
 1692.668939
 1669.062370
 1645.534745
 1622.079454
 1598.691340
 1575.366650
 1552.102980
 1528.899223
 1505.755510
 1482.673150
 1459.654565
 1436.703231
 1413.823607
 1391.021075
 1368.301866
 1345.672994
 1323.142189
 1300.717826
 1278.408857
 1256.224742
 1234.175385
 1212.271059
 1190.522348
 1168.940076
 1147.535249
 1126.318988
 1105.302473
 1084.496880
 1063.913331
 1043.562833
 1023.456233
 1003.604163
 984.016997
 964.704803
 945.677308
 926.943850
 908.513349
 890.394274
 872.594606
 855.121817
 837.982844
 821.184064
 804.731279
 788.629698
 772.883925
 757.497945
 742.475121
 727.818186
 713.529240
 699.609751
 686.060557
 672.881869
 660.073281
 647.633777
 635.561739
 623.854966
 612.510684
 601.525564
 590.895739
 580.616824
 570.683937
 561.091720
 551.834362
 542.905625
 534.298865
 526.007061
 518.022840
 510.338502
 502.946051
 495.837216
 489.003487
 482.436134
 476.126240
 470.064726
 464.242379
 458.649880
 453.277827
 448.116762
 443.157201
 438.389652
 433.804641
 429.392740
 425.144581
 421.050886
 417.102481
 413.290320
 409.605501
 406.039284
 402.583111
 399.228615
 395.967643
 392.792259
 389.694766
 386.667710
 383.703895
 380.796389
 377.938530
 375.123940
 372.346521
 369.600466
 366.880263
 364.180692
 361.496832
 358.824060
 356.158048
 353.494766
 350.830479
 348.161742
 345.485398
 342.798573
 340.098673
 337.383376
 334.650628
 331.898634
 329.125852
 326.330987
 323.512978
 320.670996
 317.804428
 314.912877
 311.996142
 309.054218
 306.087279
 303.095674
 300.079914
 297.040659
 293.978717
 290.895024
 287.790641
 284.666740
 281.524597
 278.365580
 275.191144
 272.002815
 268.802186
 265.590906
 262.370674
 259.143226
 255.910331
 252.673781
 249.435387
 246.196965
 242.960337
 239.727319
 236.499717
 233.279321
 230.067898
 226.867190
 223.678906
 220.504719
 217.346262
 214.205123
 211.082844
 207.980913
 204.900768
 201.843788
 198.811295
 195.804551
 192.824753
 189.873039
 186.950480
 184.058081
 181.196784
 178.367462
 175.570923
 172.807909
 170.079097
 167.385095
 164.726451
 162.103646
