 7566.099698
 7564.515549
 7559.765497
 7551.856713
 7540.801134
 7526.615429
 7509.320962
 7488.943742
 7465.514358
 7439.067907
 7409.643914
 7377.286231
 7342.042942
 7303.966242
 7263.112318
 7219.541214
 7173.316694
 7124.506089
 7073.180143
 7019.412846
 6963.281266
 6904.865371
 6844.247842
 6781.513891
 6716.751060
 6650.049031
 6581.499420
 6511.195574
 6439.232366
 6365.705982
 6290.713719
 6214.353767
 6136.725001
 6057.926773
 5978.058700
 5897.220458
 5815.511576
 5733.031234
 5649.878066
 5566.149959
 5481.943865
 5397.355618
 5312.479746
 5227.409300
 5142.235683
 5057.048489
 4971.935344
 4886.981760
 4802.270993
 4717.883908
 4633.898857
 4550.391560
 4467.434997
 4385.099310
 4303.451711
 4222.556401
 4142.474498
 4063.263975
 3984.979604
 3907.672915
 3831.392155
 3756.182270
 3682.084879
 3609.138274
 3537.377418
 3466.833950
 3397.536213
 3329.509272
 3262.774952
 3197.351880
 3133.255535
 3070.498305
 3009.089554
 2949.035686
 2890.340230
 2833.003917
 2777.024772
 2722.398207
 2669.117118
 2617.171990
 2566.551003
 2517.240140
 2469.223306
 2422.482437
 2376.997626
 2332.747238
 2289.708034
 2247.855293
 2207.162936
 2167.603652
 2129.149016
 2091.769618
 2055.435184
 2020.114692
 1985.776498
 1952.388451
 1919.918004
 1888.332333
 1857.598443
 1827.683275
 1798.553809
 1770.177163
 1742.520690
 1715.552067
 1689.239384
 1663.551228
 1638.456757
 1613.925777
 1589.928809
 1566.437153
 1543.422949
 1520.859225
 1498.719951
 1476.980083
 1455.615597
 1434.603525
 1413.921984
 1393.550200
 1373.468525
 1353.658452
 1334.102625
 1314.784842
 1295.690057
 1276.804375
 1258.115045
 1239.610446
 1221.280074
 1203.114522
 1185.105454
 1167.245585
 1149.528645
 1131.949354
 1114.503382
 1097.187317
 1079.998624
 1062.935602
 1045.997346
 1029.183702
 1012.495219
 995.933105
 979.499180
 963.195828
 947.025950
 930.992914
 915.100507
 899.352889
 883.754544
 868.310231
 853.024940
 837.903848
 822.952271
 808.175619
 793.579363
 779.168983
 764.949937
 750.927621
 737.107331
 723.494234
 710.093331
 696.909432
 683.947121
 671.210740
 658.704354
 646.431738
 634.396355
 622.601334
 611.049462
 599.743166
 588.684501
 577.875145
 567.316391
 557.009140
 546.953896
 537.150773
 527.599487
 518.299362
 509.249335
 500.447960
 491.893416
 483.583515
 475.515714
 467.687123
 460.094521
 452.734367
 445.602815
 438.695732
 432.008709
 425.537083
 419.275952
 413.220195
 407.364485
 401.703316
 396.231015
 390.941765
 385.829622
 380.888535
 376.112366
 371.494907
 367.029899
 362.711053
 358.532062
 354.486624
 350.568456
 346.771313
 343.088999
 339.515386
 336.044428
 332.670173
 329.386776
 326.188514
 323.069794
 320.025162
 317.049320
 314.137126
 311.283608
 308.483968
 305.733589
 303.028042
 300.363087
 297.734680
 295.138974
 292.572324
 290.031282
 287.512607
 285.013256
 282.530388
 280.061362
 277.603733
 275.155253
 272.713864
 270.277697
 267.845065
 265.414462
 262.984553
 260.554176
 258.122326
 255.688160
 253.250981
 250.810237
 248.365515
 245.916528
 243.463115
 241.005230
 238.542934
 236.076392
 233.605861
 231.131686
 228.654291
 226.174175
 223.691902
 221.208093
 218.723426
 216.238621
 213.754442
 211.271684
 208.791172
 206.313752
 203.840289
 201.371661
 198.908750
 196.452445
 194.003632
 191.563192
 189.131996
 186.710904
 184.300761
 181.902392
 179.516602
 177.144173
 174.785862
 172.442397
 170.114478
 167.802777
 165.507933
 163.230551
 160.971208
 158.730443
 156.508765
 154.306646
 152.124528
 149.962817
 147.821887
 145.702079
 143.603702
 141.527033
 139.472320
 137.439780
 135.429602
 133.441946
 131.476948
 129.534714
 127.615331
 125.718857
 123.845333
 121.994776
 120.167184
 118.362536
 116.580795
 114.821905
 113.085798
 111.372390
