10572.174372
10569.995294
10563.461268
10552.581909
10537.373220
10517.857554
10494.063561
10466.026125
10433.786283
10397.391132
10356.893720
10312.352928
10263.833334
10211.405068
10155.143653
10095.129832
10031.449392
9964.192966
9893.455832
9819.337704
9741.942502
9661.378133
9577.756245
9491.191983
9401.803741
9309.712904
9215.043583
9117.922351
9018.477969
8916.841120
8813.144124
8707.520671
8600.105536
8491.034304
8380.443095
8268.468288
8155.246245
8040.913046
7925.604218
7809.454475
7692.597462
7575.165499
7457.289341
7339.097933
7220.718185
7102.274742
6983.889772
6865.682762
6747.770315
6630.265964
6513.280001
6396.919300
6281.287167
6166.483193
6052.603123
5939.738727
5827.977694
5717.403533
5608.095484
5500.128443
5393.572900
5288.494885
5184.955933
5083.013051
4982.718709
4884.120829
4787.262796
4692.183475
4598.917242
4507.494023
4417.939344
4330.274393
4244.516088
4160.677159
4078.766234
3998.787940
3920.743004
3844.628369
3770.437311
3698.159571
3627.781480
3559.286105
3492.653391
3427.860306
3364.881000
3303.686954
3244.247147
3186.528211
3130.494602
3076.108759
3023.331276
2972.121067
2922.435533
2874.230727
2827.461525
2782.081784
2738.044509
2695.302012
2653.806067
2613.508067
2574.359175
2536.310467
2499.313081
2463.318347
2428.277928
2394.143942
2360.869087
2328.406761
2296.711167
2265.737423
2235.441659
2205.781109
2176.714200
2148.200628
2120.201435
2092.679070
2065.597454
2038.922032
2012.619815
1986.659427
1961.011131
1935.646863
1910.540244
1885.666602
1861.002976
1836.528119
1812.222495
1788.068269
1764.049291
1740.151080
1716.360796
1692.667212
1669.060678
1645.533088
1622.077832
1598.689752
1575.365094
1552.101457
1528.897732
1505.754051
1482.671722
1459.653168
1436.701863
1413.822270
1391.019767
1368.300587
1345.671743
1323.140966
1300.716630
1278.407688
1256.223601
1234.174269
1212.269969
1190.521283
1168.939036
1147.534234
1126.317997
1105.301505
1084.495936
1063.912409
1043.561934
1023.455356
1003.603308
984.016163
964.703990
945.676515
926.943076
908.512596
890.393539
872.593890
855.121119
837.982164
821.183401
804.730633
788.629068
772.883311
757.497346
742.474538
727.817617
713.528685
699.609209
686.060028
672.881353
660.072777
647.633284
635.561258
623.854496
612.510224
601.525114
590.895298
580.616392
570.683514
561.091305
551.833955
542.905225
534.298472
526.006674
518.022459
510.338127
502.945681
495.836851
489.003127
482.435778
476.125887
470.064377
464.242034
458.649537
453.277486
448.116424
443.156865
438.389317
433.804308
429.392408
425.144250
421.050556
417.102151
413.289990
409.605170
406.038954
402.582780
399.228284
395.967311
392.791927
389.694432
386.667376
383.703560
380.796052
377.938193
375.123601
372.346180
369.600125
366.879920
364.180347
361.496486
358.823712
356.157699
353.494416
350.830128
348.161389
345.485043
342.798217
340.098316
337.383018
334.650269
331.898274
329.125492
326.330625
323.512616
320.670633
317.804065
314.912513
311.995778
309.053854
306.086915
303.095310
300.079550
297.040296
293.978354
290.894661
287.790279
284.666378
281.524236
278.365221
275.190786
272.002458
268.801830
265.590552
262.370321
259.142875
255.909981
252.673434
249.435042
246.196622
242.959997
239.726981
236.499381
233.278988
230.067567
226.866862
223.678581
220.504397
217.345943
214.204807
211.082530
207.980603
204.900461
201.843484
198.810995
195.804253
192.824459
189.872748
186.950192
184.057797
181.196503
178.367185
175.570650
172.807640
170.078830
167.384832
164.726192
162.103390
