 3693.155765
 3692.405376
 3690.155285
 3686.408719
 3681.171050
 3674.449782
 3666.254532
 3656.597015
 3645.491014
 3632.952351
 3618.998851
 3603.650308
 3586.928437
 3568.856828
 3549.460899
 3528.767835
 3506.806534
 3483.607543
 3459.202995
 3433.626536
 3406.913256
 3379.099619
 3350.223376
 3320.323495
 3289.440074
 3257.614262
 3224.888166
 3191.304774
 3156.907858
 3121.741890
 3085.851951
 3049.283637
 3012.082974
 2974.296318
 2935.970272
 2897.151591
 2857.887090
 2818.223559
 2778.207667
 2737.885882
 2697.304380
 2656.508959
 2615.544962
 2574.457190
 2533.289825
 2492.086353
 2450.889494
 2409.741122
 2368.682206
 2327.752737
 2286.991670
 2246.436860
 2206.125012
 2166.091623
 2126.370934
 2086.995888
 2047.998084
 2009.407738
 1971.253654
 1933.563188
 1896.362226
 1859.675156
 1823.524851
 1787.932658
 1752.918379
 1718.500269
 1684.695032
 1651.517817
 1618.982226
 1587.100320
 1555.882626
 1525.338160
 1495.474432
 1466.297481
 1437.811885
 1410.020800
 1382.925982
 1356.527821
 1330.825381
 1305.816430
 1281.497487
 1257.863860
 1234.909694
 1212.628013
 1191.010771
 1170.048901
 1149.732364
 1130.050204
 1110.990602
 1092.540924
 1074.687785
 1057.417095
 1040.714122
 1024.563548
 1008.949519
 993.855708
 979.265368
 965.161387
 951.526347
 938.342572
 925.592188
 913.257173
 901.319410
 889.760735
 878.562989
 867.708066
 857.177958
 846.954799
 837.020913
 827.358850
 817.951429
 808.781774
 799.833352
 791.090003
 782.535977
 774.155959
 765.935099
 757.859036
 749.913923
 742.086447
 734.363847
 726.733932
 719.185095
 711.706326
 704.287219
 696.917985
 689.589456
 682.293086
 675.020957
 667.765779
 660.520883
 653.280225
 646.038373
 638.790506
 631.532401
 624.260424
 616.971519
 609.663194
 602.333505
 594.981042
 587.604914
 580.204725
 572.780559
 565.332962
 557.862915
 550.371819
 542.861469
 535.334032
 527.792023
 520.238287
 512.675965
 505.108482
 497.539511
 489.972959
 482.412937
 474.863737
 467.329810
 459.815739
 452.326220
 444.866037
 437.440037
 430.053115
 422.710185
 415.416163
 408.175948
 400.994401
 393.876325
 386.826451
 379.849417
 372.949756
 366.131874
 359.400045
 352.758390
 346.210866
 339.761258
 333.413162
 327.169983
 321.034920
 315.010961
 309.100875
 303.307207
 297.632274
 292.078159
 286.646709
 281.339531
 276.157995
 271.103228
 266.176118
 261.377314
 256.707229
 252.166040
 247.753693
 243.469908
 239.314182
 235.285794
 231.383813
 227.607101
 223.954323
 220.423954
 217.014282
 213.723424
 210.549328
 207.489783
 204.542430
 201.704771
 198.974177
 196.347896
 193.823066
 191.396725
 189.065818
 186.827207
 184.677683
 182.613975
 180.632759
 178.730668
 176.904302
 175.150234
 173.465025
 171.845229
 170.287400
 168.788106
 167.343933
 165.951492
 164.607430
 163.308436
 162.051247
 160.832654
 159.649511
 158.498739
 157.377332
 156.282362
 155.210981
 154.160433
 153.128049
 152.111258
 151.107584
 150.114654
 149.130199
 148.152053
 147.178161
 146.206574
 145.235454
 144.263074
 143.287817
 142.308180
 141.322767
 140.330296
 139.329593
 138.319593
 137.299338
 136.267976
 135.224758
 134.169038
 133.100270
 132.018002
 130.921880
 129.811639
 128.687103
 127.548184
 126.394872
 125.227239
 124.045431
 122.849667
 121.640232
 120.417479
 119.181818
 117.933719
 116.673705
 115.402346
 114.120261
 112.828109
 111.526587
 110.216429
 108.898396
 107.573280
 106.241894
 104.905072
 103.563665
 102.218536
 100.870561
 99.520620
 98.169598
 96.818382
 95.467856
 94.118899
 92.772384
 91.429174
 90.090119
 88.756055
 87.427805
 86.106168
 84.791926
 83.485840
 82.188645
 80.901054
 79.623750
 78.357392
 77.102609
 75.860000
 74.630135
 73.413552
